outfile_influenza_0.4:  All  Theta_1         0.18840  0.27300  0.30870  0.35880  0.52740  0.33390  0.34038
outfile_influenza_0.45:  All  Theta_1         0.14460  0.18420  0.24630  0.32700  0.39780  0.25590  0.26375
outfile_influenza_0.5:  All  Theta_1         0.11100  0.15360  0.19170  0.22140  0.29460  0.19530  0.19989
outfile_influenza_0.55:  All  Theta_1         0.08640  0.11580  0.13890  0.16440  0.21180  0.14610  0.14958
outfile_influenza_0.6:  All  Theta_1         0.05700  0.08700  0.10530  0.12480  0.16860  0.11010  0.11179
outfile_influenza_0.65:  All  Theta_1         0.04020  0.06240  0.07710  0.09300  0.12720  0.08130  0.08253
outfile_influenza_0.7:  All  Theta_1         0.02640  0.04560  0.05790  0.06960  0.09540  0.05970  0.06034
outfile_influenza_0.75:  All  Theta_1         0.01560  0.03240  0.04290  0.05340  0.07260  0.04410  0.04414
outfile_influenza_0.8:  All  Theta_1         0.00780  0.02220  0.03210  0.04080  0.05640  0.03270  0.03238
outfile_influenza_0.85:  All  Theta_1         0.00180  0.01500  0.02370  0.03240  0.04440  0.02430  0.02377
outfile_influenza_0.9:  All  Theta_1         0.00000  0.00900  0.01770  0.02520  0.03600  0.01890  0.01752
outfile_influenza_0.95:  All  Theta_1         0.00000  0.00540  0.01290  0.02040  0.03120  0.01530  0.01311
outfile_influenza_1.0:  All  Theta_1         0.00000  0.00300  0.01050  0.01680  0.02820  0.01350  0.01021
