1:outfile_0.4_0.4:              -13726.77     0.00        0.9190 
1:outfile_0.4_0.4:              -13725.68     0.00        0.9168 
1:outfile_0.4_0.4:              -14212.60     0.00        0.4059 
1:outfile_0.4_0.4:              -13727.16     0.00        0.9190 
1:outfile_0.4_0.4:              -13725.56     0.00        0.9190 
1:outfile_0.4_0.4:              -13724.93     0.00        0.9228 
1:outfile_0.4_0.4:              -13727.07     0.00        0.9225 
1:outfile_0.4_0.4:              -13727.24     0.00        0.9206 
1:outfile_0.4_0.4:              -13724.45     0.00        0.9205 
7:outfile_0.4_1.0:              -17973.43     0.00        1.0000 
1:outfile_0.4_0.4:              -13727.14     0.00        0.9232 
1:outfile_0.4_0.4:              -13723.57     0.00        0.9225 
1:outfile_0.4_0.4:              -13726.47     0.00        0.9175 
1:outfile_0.4_0.4:              -13727.24     0.00        0.9204 
1:outfile_0.4_0.4:              -13726.32     0.00        0.9210 
1:outfile_0.4_0.4:              -13726.37     0.00        0.9209 
1:outfile_0.4_0.4:              -13754.58     0.00        0.8128 
1:outfile_0.4_0.4:              -13879.52     0.00        0.5141 
1:outfile_0.4_0.4:              -13766.90     0.00        0.5700 
1:outfile_0.4_0.4:              -13723.99     0.00        0.9219 
1:outfile_0.4_0.4:              -13727.41     0.00        0.9240 
1:outfile_0.4_0.4:              -13723.73     0.00        0.9190 
1:outfile_0.4_0.4:              -13727.03     0.00        0.9191 
1:outfile_0.4_0.4:              -13800.75     0.00        0.8422 
1:outfile_0.4_0.4:              -13727.57     0.00        0.9231 
1:outfile_0.4_0.4:              -13748.36     0.00        0.8646 
1:outfile_0.4_0.4:              -13726.23     0.00        0.9211 
1:outfile_0.4_0.4:              -13727.30     0.00        0.9199 
1:outfile_0.4_0.4:              -13739.99     0.00        0.9126 
1:outfile_0.4_0.4:              -13727.16     0.00        0.9225 
2:outfile_0.4_0.5:              -14074.50     0.00        0.5291 
1:outfile_0.4_0.4:              -13727.39     0.00        0.9212 
1:outfile_0.4_0.4:              -13726.42     0.00        0.9197 
2:outfile_0.4_0.5:              -14054.76     0.00        0.5277 
1:outfile_0.4_0.4:              -13739.23     0.00        0.8588 
1:outfile_0.4_0.4:              -13857.40     0.00        0.6621 
1:outfile_0.4_0.4:              -13726.47     0.00        0.9239 
1:outfile_0.4_0.4:              -13725.95     0.00        0.9196 
1:outfile_0.4_0.4:              -13726.35     0.00        0.9213 
1:outfile_0.4_0.4:              -13776.67     0.00        0.7219 
1:outfile_0.4_0.4:              -13726.64     0.00        0.9198 
1:outfile_0.4_0.4:              -13740.41     0.00        0.9121 
1:outfile_0.4_0.4:              -13727.31     0.00        0.9154 
1:outfile_0.4_0.4:              -13726.65     0.00        0.9182 
2:outfile_0.4_0.5:              -13881.56     0.00        0.7329 
1:outfile_0.4_0.4:              -13726.41     0.00        0.9191 
7:outfile_0.4_1.0:              -26600.69     0.00        1.0000 
1:outfile_0.4_0.4:              -13830.55     0.00        0.8146 
1:outfile_0.4_0.4:              -13726.20     0.00        0.9219 
1:outfile_0.4_0.4:              -13746.65     0.00        0.8690 
7:outfile_0.4_1.0:              -30195.87     0.00        1.0000 
1:outfile_0.4_0.4:              -13725.54     0.00        0.9226 
1:outfile_0.4_0.4:              -13725.64     0.00        0.9212 
1:outfile_0.4_0.4:              -13727.26     0.00        0.9197 
1:outfile_0.4_0.4:              -13726.29     0.00        0.9204 
1:outfile_0.4_0.4:              -13726.39     0.00        0.9197 
1:outfile_0.4_0.4:              -13727.52     0.00        0.9190 
1:outfile_0.4_0.4:              -13724.28     0.00        0.9219 
7:outfile_0.4_1.0:              -16794.29     0.00        0.9421 
1:outfile_0.4_0.4:              -13725.67     0.00        0.9204 
1:outfile_0.4_0.4:              -13725.82     0.00        0.9182 
1:outfile_0.4_0.4:              -13722.97     0.00        0.9233 
1:outfile_0.4_0.4:              -13726.82     0.00        0.9204 
1:outfile_0.4_0.4:              -13727.25     0.00        0.9198 
1:outfile_0.4_0.4:              -13726.91     0.00        0.9183 
1:outfile_0.4_0.4:              -13724.71     0.00        0.9239 
1:outfile_0.4_0.4:              -13726.37     0.00        0.9226 
1:outfile_0.4_0.4:              -13725.61     0.00        0.9219 
1:outfile_0.4_0.4:              -13750.20     0.00        0.7481 
1:outfile_0.4_0.4:              -13726.69     0.00        0.9211 
1:outfile_0.4_0.4:              -13727.60     0.00        0.9183 
1:outfile_0.4_0.4:              -13727.10     0.00        0.9183 
1:outfile_0.4_0.4:              -13723.34     0.00        0.9211 
1:outfile_0.4_0.4:              -13726.17     0.00        0.9220 
1:outfile_0.4_0.4:              -13727.33     0.00        0.9204 
1:outfile_0.4_0.4:              -13726.74     0.00        0.9203 
1:outfile_0.4_0.4:              -13766.68     0.00        0.8666 
1:outfile_0.4_0.4:              -13725.43     0.00        0.9246 
1:outfile_0.4_0.4:              -13740.04     0.00        0.8599 
1:outfile_0.4_0.4:              -13725.36     0.00        0.9196 
3:outfile_0.4_0.6:              -14167.13     0.00        0.8480 
1:outfile_0.4_0.4:              -13739.29     0.00        0.8986 
1:outfile_0.4_0.4:              -13784.07     0.00        0.7596 
4:outfile_0.4_0.7:              -14855.95     0.00        0.8574 
1:outfile_0.4_0.4:              -13726.81     0.00        0.9210 
1:outfile_0.4_0.4:              -13724.31     0.00        0.9218 
1:outfile_0.4_0.4:              -13727.38     0.00        0.9238 
1:outfile_0.4_0.4:              -13727.33     0.00        0.9219 
1:outfile_0.4_0.4:              -13727.44     0.00        0.9190 
1:outfile_0.4_0.4:              -13726.15     0.00        0.9212 
1:outfile_0.4_0.4:              -13773.71     0.00        0.7990 
1:outfile_0.4_0.4:              -13724.93     0.00        0.9211 
1:outfile_0.4_0.4:              -13724.79     0.00        0.9204 
1:outfile_0.4_0.4:              -13727.44     0.00        0.9253 
1:outfile_0.4_0.4:              -13769.95     0.00        0.8249 
7:outfile_0.4_1.0:              -25260.00     0.00        1.0000 
1:outfile_0.4_0.4:              -13727.16     0.00        0.9204 
1:outfile_0.4_0.4:              -13761.31     0.00        0.8566 
1:outfile_0.4_0.4:              -13726.02     0.00        0.9205 
1:outfile_0.4_0.4:              -13727.54     0.00        0.9247 
1:outfile_0.5_0.4:              -13739.58     0.00        0.8978 
1:outfile_0.5_0.4:              -13740.20     0.00        0.8934 
1:outfile_0.5_0.4:              -13748.21     0.00        0.8658 
1:outfile_0.5_0.4:              -13727.38     0.00        0.9200 
1:outfile_0.5_0.4:              -14008.83     0.00        0.5241 
1:outfile_0.5_0.4:              -13762.37     0.00        0.8254 
1:outfile_0.5_0.4:              -13757.46     0.00        0.8511 
7:outfile_0.5_1.0:              -26940.76     0.00        1.0000 
1:outfile_0.5_0.4:              -13786.75     0.00        0.7958 
4:outfile_0.5_0.7:              -14572.75     0.00        0.7003 
1:outfile_0.5_0.4:              -13844.54     0.00        0.6371 
1:outfile_0.5_0.4:              -13727.32     0.00        0.9226 
1:outfile_0.5_0.4:              -13740.23     0.00        0.9102 
1:outfile_0.5_0.4:              -13726.46     0.00        0.9204 
1:outfile_0.5_0.4:              -13724.67     0.00        0.9177 
1:outfile_0.5_0.4:              -13779.98     0.00        0.8863 
1:outfile_0.5_0.4:              -13834.72     0.00        0.4826 
2:outfile_0.5_0.5:              -13953.63     0.00        0.6530 
1:outfile_0.5_0.4:              -13727.72     0.00        0.9231 
1:outfile_0.5_0.4:              -13740.67     0.00        0.9096 
1:outfile_0.5_0.4:              -13727.40     0.00        0.9232 
1:outfile_0.5_0.4:              -13726.61     0.00        0.9196 
1:outfile_0.5_0.4:              -13739.43     0.00        0.8624 
1:outfile_0.5_0.4:              -13809.63     0.00        0.7189 
1:outfile_0.5_0.4:              -13786.84     0.00        0.8634 
1:outfile_0.5_0.4:              -13725.64     0.00        0.9205 
1:outfile_0.5_0.4:              -13726.40     0.00        0.9225 
2:outfile_0.5_0.5:              -13884.15     0.00        0.5981 
6:outfile_0.5_0.9:              -16595.63     0.00        0.8721 
1:outfile_0.5_0.4:              -13727.47     0.00        0.9214 
1:outfile_0.5_0.4:              -13890.83     0.00        0.4969 
3:outfile_0.5_0.6:              -14001.00     0.00        0.6078 
1:outfile_0.5_0.4:              -13750.23     0.00        0.8133 
1:outfile_0.5_0.4:              -13727.31     0.00        0.9206 
1:outfile_0.5_0.4:              -13727.61     0.00        0.9225 
1:outfile_0.5_0.4:              -13773.29     0.00        0.7283 
5:outfile_0.5_0.8:              -14536.16     0.00        0.8880 
1:outfile_0.5_0.4:              -13776.05     0.00        0.6150 
1:outfile_0.5_0.4:              -13725.66     0.00        0.9225 
5:outfile_0.5_0.8:              -14983.85     0.00        0.5443 
4:outfile_0.5_0.7:              -14229.40     0.00        0.7258 
1:outfile_0.5_0.4:              -13771.90     0.00        0.8355 
1:outfile_0.5_0.4:              -13777.98     0.00        0.7137 
1:outfile_0.5_0.4:              -13750.48     0.00        0.8619 
1:outfile_0.5_0.4:              -13725.83     0.00        0.9183 
1:outfile_0.5_0.4:              -13727.02     0.00        0.9210 
1:outfile_0.5_0.4:              -13787.32     0.00        0.5001 
1:outfile_0.5_0.4:              -13726.50     0.00        0.9189 
1:outfile_0.5_0.4:              -13724.91     0.00        0.9234 
1:outfile_0.5_0.4:              -13749.30     0.00        0.8630 
1:outfile_0.5_0.4:              -13724.88     0.00        0.9218 
5:outfile_0.5_0.8:              -14853.66     0.00        0.5466 
1:outfile_0.5_0.4:              -13727.34     0.00        0.9233 
1:outfile_0.5_0.4:              -13741.19     0.00        0.9112 
1:outfile_0.5_0.4:              -13740.80     0.00        0.8971 
1:outfile_0.5_0.4:              -13727.33     0.00        0.9218 
1:outfile_0.5_0.4:              -13724.13     0.00        0.9209 
1:outfile_0.5_0.4:              -13753.09     0.00        0.8729 
1:outfile_0.5_0.4:              -13741.33     0.00        0.8603 
1:outfile_0.5_0.4:              -13726.40     0.00        0.9246 
1:outfile_0.5_0.4:              -13726.18     0.00        0.9221 
1:outfile_0.5_0.4:              -13806.60     0.00        0.6366 
3:outfile_0.5_0.6:              -14425.78     0.00        0.6118 
1:outfile_0.5_0.4:              -13837.59     0.00        0.7115 
2:outfile_0.5_0.5:              -13861.71     0.00        0.6151 
1:outfile_0.5_0.4:              -13726.33     0.00        0.9232 
1:outfile_0.5_0.4:              -13753.51     0.00        0.8521 
1:outfile_0.5_0.4:              -13724.41     0.00        0.9217 
2:outfile_0.5_0.5:              -13858.86     0.00        0.6509 
1:outfile_0.5_0.4:              -13742.30     0.00        0.9058 
1:outfile_0.5_0.4:              -13769.11     0.00        0.8670 
1:outfile_0.5_0.4:              -13726.59     0.00        0.9212 
1:outfile_0.5_0.4:              -13741.49     0.00        0.8637 
1:outfile_0.5_0.4:              -13740.96     0.00        0.8956 
1:outfile_0.5_0.4:              -13725.65     0.00        0.9174 
1:outfile_0.5_0.4:              -13725.63     0.00        0.9212 
4:outfile_0.5_0.7:              -14563.82     0.00        0.4971 
1:outfile_0.5_0.4:              -13759.23     0.00        0.8161 
1:outfile_0.5_0.4:              -13725.10     0.00        0.9225 
1:outfile_0.5_0.4:              -13767.49     0.00        0.5714 
1:outfile_0.5_0.4:              -13915.91     0.00        0.7113 
1:outfile_0.5_0.4:              -13723.93     0.00        0.9213 
2:outfile_0.5_0.5:              -13822.87     0.00        0.6580 
1:outfile_0.5_0.4:              -13724.07     0.00        0.9175 
1:outfile_0.5_0.4:              -13739.82     0.00        0.9078 
1:outfile_0.5_0.4:              -13726.57     0.00        0.9218 
4:outfile_0.5_0.7:              -14268.11     0.00        0.5978 
1:outfile_0.5_0.4:              -13840.41     0.00        0.7720 
1:outfile_0.5_0.4:              -13725.67     0.00        0.9219 
2:outfile_0.5_0.5:              -13829.30     0.00        0.4756 
1:outfile_0.5_0.4:              -13725.92     0.00        0.9213 
1:outfile_0.5_0.4:              -13776.90     0.00        0.5474 
1:outfile_0.5_0.4:              -13844.50     0.00        0.4856 
7:outfile_0.5_1.0:              -17357.68     0.00        1.0000 
2:outfile_0.5_0.5:              -13851.23     0.00        0.6407 
1:outfile_0.5_0.4:              -13725.44     0.00        0.9228 
1:outfile_0.5_0.4:              -13727.24     0.00        0.9175 
1:outfile_0.5_0.4:              -13784.92     0.00        0.8008 
1:outfile_0.5_0.4:              -13726.29     0.00        0.9226 
3:outfile_0.5_0.6:              -14137.74     0.00        0.4580 
1:outfile_0.6_0.4:              -13776.37     0.00        0.7092 
4:outfile_0.6_0.7:              -14402.46     0.00        0.6940 
1:outfile_0.6_0.4:              -13727.39     0.00        0.9198 
3:outfile_0.6_0.6:              -14093.80     0.00        0.6429 
3:outfile_0.6_0.6:              -14186.19     0.00        0.5730 
1:outfile_0.6_0.4:              -13764.17     0.00        0.5723 
1:outfile_0.6_0.4:              -13762.87     0.00        0.7350 
2:outfile_0.6_0.5:              -13970.35     0.00        0.4449 
1:outfile_0.6_0.4:              -13722.64     0.00        0.9204 
4:outfile_0.6_0.7:              -14238.18     0.00        0.4876 
2:outfile_0.6_0.5:              -13823.52     0.00        0.6707 
3:outfile_0.6_0.6:              -14171.69     0.00        0.5783 
1:outfile_0.6_0.4:              -13806.97     0.00        0.4803 
1:outfile_0.6_0.4:              -13797.59     0.00        0.7443 
2:outfile_0.6_0.5:              -13778.33     0.00        0.5063 
1:outfile_0.6_0.4:              -13777.09     0.00        0.6544 
5:outfile_0.6_0.8:              -15735.18     0.00        0.7932 
2:outfile_0.6_0.5:              -14014.56     0.00        0.3897 
1:outfile_0.6_0.4:              -13783.13     0.00        0.7690 
1:outfile_0.6_0.4:              -13767.05     0.00        0.7771 
4:outfile_0.6_0.7:              -14433.08     0.00        0.9251 
7:outfile_0.6_1.0:              -15620.61     0.00        0.9623 
2:outfile_0.6_0.5:              -13790.82     0.00        0.5514 
1:outfile_0.6_0.4:              -13829.21     0.00        0.6453 
2:outfile_0.6_0.5:              -13863.64     0.00        0.5815 
5:outfile_0.6_0.8:              -14764.60     0.00        0.8999 
1:outfile_0.6_0.4:              -13739.97     0.00        0.8966 
7:outfile_0.6_1.0:              -15578.54     0.00        0.5150 
1:outfile_0.6_0.4:              -13815.31     0.00        0.7126 
2:outfile_0.6_0.5:              -13823.93     0.00        0.6578 
2:outfile_0.6_0.5:              -13836.16     0.00        0.7283 
1:outfile_0.6_0.4:              -13752.98     0.00        0.7439 
2:outfile_0.6_0.5:              -13858.37     0.00        0.6562 
1:outfile_0.6_0.4:              -13784.54     0.00        0.8930 
2:outfile_0.6_0.5:              -14082.55     0.00        0.4364 
2:outfile_0.6_0.5:              -13942.65     0.00        0.4355 
1:outfile_0.6_0.4:              -13726.27     0.00        0.9239 
3:outfile_0.6_0.6:              -14033.65     0.00        0.4395 
1:outfile_0.6_0.4:              -13726.96     0.00        0.9204 
1:outfile_0.6_0.4:              -13740.17     0.00        0.8531 
1:outfile_0.6_0.4:              -13799.73     0.00        0.6018 
7:outfile_0.6_1.0:              -22497.33     0.00        1.0000 
3:outfile_0.6_0.6:              -14148.60     0.00        0.7584 
1:outfile_0.6_0.4:              -13772.55     0.00        0.7843 
1:outfile_0.6_0.4:              -13813.37     0.00        0.4604 
1:outfile_0.6_0.4:              -13753.92     0.00        0.8476 
1:outfile_0.6_0.4:              -13741.07     0.00        0.8626 
3:outfile_0.6_0.6:              -13911.85     0.00        0.5847 
1:outfile_0.6_0.4:              -13739.53     0.00        0.9049 
2:outfile_0.6_0.5:              -13858.47     0.00        0.5092 
1:outfile_0.6_0.4:              -13789.02     0.00        0.8767 
2:outfile_0.6_0.5:              -13791.36     0.00        0.4841 
3:outfile_0.6_0.6:              -13972.38     0.00        0.5967 
4:outfile_0.6_0.7:              -14481.19     0.00        0.5375 
1:outfile_0.6_0.4:              -13765.88     0.00        0.5725 
1:outfile_0.6_0.4:              -13829.79     0.00        0.7289 
5:outfile_0.6_0.8:              -16218.48     0.00        0.8952 
1:outfile_0.6_0.4:              -13823.55     0.00        0.6067 
1:outfile_0.6_0.4:              -13796.83     0.00        0.7002 
1:outfile_0.6_0.4:              -13740.25     0.00        0.8526 
1:outfile_0.6_0.4:              -13740.31     0.00        0.9173 
2:outfile_0.6_0.5:              -13834.04     0.00        0.5089 
1:outfile_0.6_0.4:              -13785.93     0.00        0.5517 
1:outfile_0.6_0.4:              -13763.14     0.00        0.7996 
7:outfile_0.6_1.0:              -20338.05     0.00        1.0000 
3:outfile_0.6_0.6:              -13953.71     0.00        0.5715 
5:outfile_0.6_0.8:              -14567.97     0.00        0.8359 
3:outfile_0.6_0.6:              -13968.87     0.00        0.6539 
1:outfile_0.6_0.4:              -13748.72     0.00        0.8155 
1:outfile_0.6_0.4:              -13798.85     0.00        0.8041 
1:outfile_0.6_0.4:              -13799.47     0.00        0.7002 
4:outfile_0.6_0.7:              -14550.85     0.00        0.6554 
4:outfile_0.6_0.7:              -14072.98     0.00        0.5087 
3:outfile_0.6_0.6:              -13929.34     0.00        0.6126 
3:outfile_0.6_0.6:              -13922.30     0.00        0.7131 
3:outfile_0.6_0.6:              -14108.68     0.00        0.7226 
1:outfile_0.6_0.4:              -13783.19     0.00        0.7284 
1:outfile_0.6_0.4:              -13735.58     0.00        0.9126 
1:outfile_0.6_0.4:              -13787.59     0.00        0.6324 
2:outfile_0.6_0.5:              -13811.20     0.00        0.4984 
1:outfile_0.6_0.4:              -13766.80     0.00        0.7399 
7:outfile_0.6_1.0:              -18473.84     0.00        0.8787 
1:outfile_0.6_0.4:              -13751.96     0.00        0.8689 
2:outfile_0.6_0.5:              -13892.18     0.00        0.5851 
1:outfile_0.6_0.4:              -13788.63     0.00        0.5473 
3:outfile_0.6_0.6:              -13908.81     0.00        0.5454 
1:outfile_0.6_0.4:              -13759.70     0.00        0.8130 
2:outfile_0.6_0.5:              -13820.63     0.00        0.4758 
2:outfile_0.6_0.5:              -13811.90     0.00        0.4723 
2:outfile_0.6_0.5:              -13829.90     0.00        0.6735 
1:outfile_0.6_0.4:              -13796.45     0.00        0.6209 
4:outfile_0.6_0.7:              -14649.08     0.00        0.6792 
2:outfile_0.6_0.5:              -13845.18     0.00        0.6873 
2:outfile_0.6_0.5:              -13823.19     0.00        0.6460 
2:outfile_0.6_0.5:              -13914.03     0.00        0.5117 
7:outfile_0.6_1.0:              -16170.90     0.00        0.9976 
5:outfile_0.6_0.8:              -14672.82     0.00        0.5295 
3:outfile_0.6_0.6:              -14045.63     0.00        0.5202 
1:outfile_0.6_0.4:              -13763.20     0.00        0.7846 
6:outfile_0.6_0.9:              -15448.69     0.00        0.9410 
4:outfile_0.8_0.7:              -14882.61     0.00        0.6744 
3:outfile_0.8_0.6:              -13972.51     0.00        0.6712 
4:outfile_0.8_0.7:              -14227.85     0.00        0.8187 
5:outfile_0.8_0.8:              -15101.34     0.00        0.6476 
4:outfile_0.8_0.7:              -14351.58     0.00        0.6830 
5:outfile_0.8_0.8:              -14788.85     0.00        0.8620 
4:outfile_0.8_0.7:              -14291.58     0.00        0.4724 
3:outfile_0.8_0.6:              -14089.67     0.00        0.7665 
3:outfile_0.8_0.6:              -13944.46     0.00        0.5106 
3:outfile_0.8_0.6:              -14103.81     0.00        0.6078 
5:outfile_0.8_0.8:              -15662.37     0.00        0.5738 
4:outfile_0.8_0.7:              -14527.98     0.00        0.6595 
4:outfile_0.8_0.7:              -14418.33     0.00        0.7265 
4:outfile_0.8_0.7:              -14364.20     0.00        0.5841 
4:outfile_0.8_0.7:              -14794.14     0.00        0.6702 
6:outfile_0.8_0.9:              -15233.23     0.00        0.9655 
4:outfile_0.8_0.7:              -14671.73     0.00        0.8214 
3:outfile_0.8_0.6:              -14143.05     0.00        0.6283 
6:outfile_0.8_0.9:              -15416.55     0.00        0.8727 
4:outfile_0.8_0.7:              -14353.30     0.00        0.7959 
6:outfile_0.8_0.9:              -15460.05     0.00        0.5742 
2:outfile_0.8_0.5:              -13903.42     0.00        0.5656 
5:outfile_0.8_0.8:              -14509.70     0.00        0.5928 
4:outfile_0.8_0.7:              -14274.34     0.00        0.6243 
5:outfile_0.8_0.8:              -14724.81     0.00        0.9005 
5:outfile_0.8_0.8:              -14896.82     0.00        0.8887 
5:outfile_0.8_0.8:              -14742.01     0.00        0.8257 
3:outfile_0.8_0.6:              -14250.66     0.00        0.5335 
7:outfile_0.8_1.0:              -23345.52     0.00        1.0000 
6:outfile_0.8_0.9:              -14723.65     0.00        0.6104 
4:outfile_0.8_0.7:              -14300.38     0.00        0.7498 
4:outfile_0.8_0.7:              -14179.57     0.00        0.6926 
7:outfile_0.8_1.0:              -18005.08     0.00        0.9783 
7:outfile_0.8_1.0:              -18629.48     0.00        1.0000 
3:outfile_0.8_0.6:              -13900.24     0.00        0.5649 
3:outfile_0.8_0.6:              -14136.67     0.00        0.5123 
6:outfile_0.8_0.9:              -15970.27     0.00        0.8922 
2:outfile_0.8_0.5:              -14042.62     0.00        0.4519 
4:outfile_0.8_0.7:              -14778.28     0.00        0.6897 
3:outfile_0.8_0.6:              -13923.78     0.00        0.6481 
5:outfile_0.8_0.8:              -14712.51     0.00        0.5772 
4:outfile_0.8_0.7:              -14631.65     0.00        0.5718 
5:outfile_0.8_0.8:              -14771.43     0.00        0.7527 
3:outfile_0.8_0.6:              -14104.75     0.00        0.6695 
5:outfile_0.8_0.8:              -14734.10     0.00        0.5791 
6:outfile_0.8_0.9:              -15019.78     0.00        0.7585 
5:outfile_0.8_0.8:              -14459.99     0.00        0.8131 
3:outfile_0.8_0.6:              -13950.15     0.00        0.8749 
3:outfile_0.8_0.6:              -14184.77     0.00        0.6073 
3:outfile_0.8_0.6:              -14337.95     0.00        0.5908 
7:outfile_0.8_1.0:              -30365.97     0.00        1.0000 
7:outfile_0.8_1.0:              -19306.14     0.00        1.0000 
4:outfile_0.8_0.7:              -14273.34     0.00        0.8109 
3:outfile_0.8_0.6:              -14131.26     0.00        0.7245 
7:outfile_0.8_1.0:              -23460.67     0.00        1.0000 
5:outfile_0.8_0.8:              -14609.03     0.00        0.7834 
4:outfile_0.8_0.7:              -14274.69     0.00        0.6879 
4:outfile_0.8_0.7:              -14734.16     0.00        0.5357 
1:outfile_0.8_0.4:              -13774.20     0.00        0.7654 
3:outfile_0.8_0.6:              -14093.14     0.00        0.5688 
6:outfile_0.8_0.9:              -14927.25     0.00        0.6428 
4:outfile_0.8_0.7:              -14314.29     0.00        0.8259 
4:outfile_0.8_0.7:              -14311.07     0.00        0.7474 
2:outfile_0.8_0.5:              -13897.74     0.00        0.6008 
3:outfile_0.8_0.6:              -14119.70     0.00        0.5988 
3:outfile_0.8_0.6:              -13927.89     0.00        0.4936 
4:outfile_0.8_0.7:              -14367.98     0.00        0.8068 
4:outfile_0.8_0.7:              -14438.64     0.00        0.7681 
4:outfile_0.8_0.7:              -14358.85     0.00        0.7547 
2:outfile_0.8_0.5:              -13923.31     0.00        0.6195 
5:outfile_0.8_0.8:              -15031.02     0.00        0.5662 
3:outfile_0.8_0.6:              -14055.08     0.00        0.5961 
3:outfile_0.8_0.6:              -14233.37     0.00        0.4980 
5:outfile_0.8_0.8:              -14599.23     0.00        0.5844 
4:outfile_0.8_0.7:              -14360.33     0.00        0.7649 
2:outfile_0.8_0.5:              -13899.52     0.00        0.5128 
4:outfile_0.8_0.7:              -14717.39     0.00        0.7430 
6:outfile_0.8_0.9:              -14818.95     0.00        0.5518 
3:outfile_0.8_0.6:              -14039.55     0.00        0.6200 
4:outfile_0.8_0.7:              -14229.56     0.00        0.6021 
3:outfile_0.8_0.6:              -13994.87     0.00        0.7749 
3:outfile_0.8_0.6:              -14087.36     0.00        0.7049 
6:outfile_0.8_0.9:              -15889.92     0.00        0.8980 
4:outfile_0.8_0.7:              -14757.06     0.00        0.7881 
4:outfile_0.8_0.7:              -14187.90     0.00        0.6317 
4:outfile_0.8_0.7:              -14322.03     0.00        0.6650 
5:outfile_0.8_0.8:              -15172.67     0.00        0.8361 
3:outfile_0.8_0.6:              -14161.43     0.00        0.7496 
4:outfile_0.8_0.7:              -14264.21     0.00        0.6063 
3:outfile_0.8_0.6:              -13998.94     0.00        0.7428 
5:outfile_0.8_0.8:              -14723.85     0.00        0.8487 
4:outfile_0.8_0.7:              -14567.75     0.00        0.6910 
7:outfile_0.8_1.0:              -22438.04     0.00        1.0000 
4:outfile_0.8_0.7:              -14217.32     0.00        0.7946 
4:outfile_0.8_0.7:              -14439.81     0.00        0.7187 
4:outfile_0.8_0.7:              -14231.60     0.00        0.7441 
4:outfile_0.8_0.7:              -14448.02     0.00        0.7849 
4:outfile_0.8_0.7:              -14328.51     0.00        0.7870 
4:outfile_0.8_0.7:              -14189.63     0.00        0.7123 
7:outfile_0.8_1.0:              -17255.12     0.00        1.0000 
6:outfile_1.0_0.9:              -16137.39     0.00        0.7804 
7:outfile_1.0_1.0:              -16565.40     0.00        0.6456 
5:outfile_1.0_0.8:              -15235.75     0.00        0.8807 
5:outfile_1.0_0.8:              -15264.02     0.00        0.7343 
6:outfile_1.0_0.9:              -15698.68     0.00        0.9652 
6:outfile_1.0_0.9:              -16254.22     0.00        0.5225 
6:outfile_1.0_0.9:              -15889.17     0.00        0.7922 
5:outfile_1.0_0.8:              -15788.02     0.00        0.5689 
6:outfile_1.0_0.9:              -15369.47     0.00        0.7122 
5:outfile_1.0_0.8:              -15390.19     0.00        0.9229 
5:outfile_1.0_0.8:              -15180.58     0.00        0.7363 
6:outfile_1.0_0.9:              -15939.71     0.00        0.8701 
6:outfile_1.0_0.9:              -15824.19     0.00        0.8147 
6:outfile_1.0_0.9:              -15503.07     0.00        0.9613 
6:outfile_1.0_0.9:              -15792.75     0.00        0.9519 
5:outfile_1.0_0.8:              -15317.03     0.00        0.9196 
5:outfile_1.0_0.8:              -15039.26     0.00        0.6798 
6:outfile_1.0_0.9:              -15755.61     0.00        0.9452 
6:outfile_1.0_0.9:              -15840.23     0.00        0.9141 
5:outfile_1.0_0.8:              -15102.25     0.00        0.7033 
6:outfile_1.0_0.9:              -15767.65     0.00        0.9406 
5:outfile_1.0_0.8:              -15337.75     0.00        0.9090 
6:outfile_1.0_0.9:              -16445.08     0.00        0.5099 
6:outfile_1.0_0.9:              -16240.37     0.00        0.9638 
7:outfile_1.0_1.0:              -16434.53     0.00        0.6457 
6:outfile_1.0_0.9:              -16354.56     0.00        0.9609 
5:outfile_1.0_0.8:              -15558.48     0.00        0.8282 
6:outfile_1.0_0.9:              -16198.94     0.00        0.7717 
6:outfile_1.0_0.9:              -16267.29     0.00        0.8915 
6:outfile_1.0_0.9:              -15631.77     0.00        0.9600 
5:outfile_1.0_0.8:              -15247.59     0.00        0.8316 
5:outfile_1.0_0.8:              -15456.06     0.00        0.9160 
4:outfile_1.0_0.7:              -14591.00     0.00        0.6334 
5:outfile_1.0_0.8:              -15190.32     0.00        0.8788 
5:outfile_1.0_0.8:              -15274.09     0.00        0.9114 
5:outfile_1.0_0.8:              -15259.71     0.00        0.9004 
6:outfile_1.0_0.9:              -16104.82     0.00        0.9109 
5:outfile_1.0_0.8:              -15059.42     0.00        0.8446 
6:outfile_1.0_0.9:              -15416.06     0.00        0.8702 
6:outfile_1.0_0.9:              -15793.39     0.00        0.8727 
5:outfile_1.0_0.8:              -15035.69     0.00        0.9049 
5:outfile_1.0_0.8:              -15331.40     0.00        0.7410 
4:outfile_1.0_0.7:              -14630.73     0.00        0.5629 
5:outfile_1.0_0.8:              -15115.88     0.00        0.7953 
7:outfile_1.0_1.0:              -15997.01     0.00        0.9974 
6:outfile_1.0_0.9:              -16323.59     0.00        0.7682 
5:outfile_1.0_0.8:              -15646.01     0.00        0.5517 
5:outfile_1.0_0.8:              -15063.11     0.00        0.5720 
5:outfile_1.0_0.8:              -15719.51     0.00        0.6401 
5:outfile_1.0_0.8:              -15153.66     0.00        0.8421 
6:outfile_1.0_0.9:              -15607.15     0.00        0.8943 
5:outfile_1.0_0.8:              -15192.06     0.00        0.6729 
7:outfile_1.0_1.0:              -16706.21     0.00        0.8455 
5:outfile_1.0_0.8:              -15604.06     0.00        0.7814 
6:outfile_1.0_0.9:              -16290.04     0.00        0.9545 
6:outfile_1.0_0.9:              -15466.95     0.00        0.7025 
7:outfile_1.0_1.0:              -16807.88     0.00        0.9857 
5:outfile_1.0_0.8:              -15697.52     0.00        0.7183 
6:outfile_1.0_0.9:              -15879.18     0.00        0.7838 
6:outfile_1.0_0.9:              -15354.37     0.00        0.7060 
5:outfile_1.0_0.8:              -15066.14     0.00        0.9060 
5:outfile_1.0_0.8:              -15120.38     0.00        0.8571 
6:outfile_1.0_0.9:              -15475.43     0.00        0.9574 
6:outfile_1.0_0.9:              -15862.40     0.00        0.8863 
5:outfile_1.0_0.8:              -14815.40     0.00        0.9003 
5:outfile_1.0_0.8:              -15387.14     0.00        0.8869 
6:outfile_1.0_0.9:              -15431.64     0.00        0.9346 
7:outfile_1.0_1.0:              -16402.66     0.00        0.7446 
5:outfile_1.0_0.8:              -14846.89     0.00        0.6321 
4:outfile_1.0_0.7:              -14744.64     0.00        0.6446 
6:outfile_1.0_0.9:              -15844.59     0.00        0.9608 
6:outfile_1.0_0.9:              -15373.81     0.00        0.6475 
5:outfile_1.0_0.8:              -14788.42     0.00        0.6024 
6:outfile_1.0_0.9:              -16274.22     0.00        0.8649 
7:outfile_1.0_1.0:              -16255.84     0.00        0.8306 
6:outfile_1.0_0.9:              -16518.55     0.00        0.9038 
6:outfile_1.0_0.9:              -16025.34     0.00        0.8920 
6:outfile_1.0_0.9:              -15658.17     0.00        0.9635 
7:outfile_1.0_1.0:              -16905.90     0.00        0.9949 
5:outfile_1.0_0.8:              -15248.40     0.00        0.8156 
6:outfile_1.0_0.9:              -15359.41     0.00        0.5861 
6:outfile_1.0_0.9:              -15563.63     0.00        0.5320 
5:outfile_1.0_0.8:              -14962.86     0.00        0.7191 
6:outfile_1.0_0.9:              -15951.18     0.00        0.9459 
6:outfile_1.0_0.9:              -15879.01     0.00        0.9233 
6:outfile_1.0_0.9:              -15892.35     0.00        0.8961 
7:outfile_1.0_1.0:              -16340.42     0.00        0.6387 
5:outfile_1.0_0.8:              -15315.35     0.00        0.9099 
6:outfile_1.0_0.9:              -15902.05     0.00        0.5958 
5:outfile_1.0_0.8:              -15250.92     0.00        0.8965 
7:outfile_1.0_1.0:              -18554.37     0.00        1.0000 
6:outfile_1.0_0.9:              -16636.75     0.00        0.8877 
5:outfile_1.0_0.8:              -15221.64     0.00        0.8745 
4:outfile_1.0_0.7:              -14624.45     0.00        0.6520 
5:outfile_1.0_0.8:              -14813.02     0.00        0.7295 
7:outfile_1.0_1.0:              -16934.58     0.00        0.6637 
6:outfile_1.0_0.9:              -15912.61     0.00        0.6632 
6:outfile_1.0_0.9:              -15604.97     0.00        0.5494 
7:outfile_1.0_1.0:              -16177.99     0.00        0.9761 
7:outfile_1.0_1.0:              -16411.48     0.00        0.8334 
