1:outfile_0.4_0.4:              -13725.08     0.00        0.9204 
1:outfile_0.4_0.4:              -13852.39     0.00        0.6645 
1:outfile_0.4_0.4:              -13725.75     0.00        0.9219 
1:outfile_0.4_0.4:              -13726.98     0.00        0.9210 
1:outfile_0.4_0.4:              -13725.68     0.00        0.9240 
1:outfile_0.4_0.4:              -13726.71     0.00        0.9248 
1:outfile_0.4_0.4:              -13739.27     0.00        0.8592 
3:outfile_0.4_0.6:              -13971.87     0.00        0.8354 
2:outfile_0.4_0.5:              -13809.56     0.00        0.7111 
1:outfile_0.4_0.4:              -13726.20     0.00        0.9183 
1:outfile_0.4_0.4:              -13727.63     0.00        0.9175 
7:outfile_0.4_1.0:              -19086.71     0.00        1.0000 
1:outfile_0.4_0.4:              -13750.45     0.00        0.8640 
1:outfile_0.4_0.4:              -13751.98     0.00        0.8656 
1:outfile_0.4_0.4:              -13724.47     0.00        0.9176 
1:outfile_0.4_0.4:              -13725.46     0.00        0.9211 
1:outfile_0.4_0.4:              -13725.41     0.00        0.9183 
1:outfile_0.4_0.4:              -13741.31     0.00        0.8965 
1:outfile_0.4_0.4:              -13910.80     0.00        0.4832 
1:outfile_0.4_0.4:              -13727.18     0.00        0.9218 
1:outfile_0.4_0.4:              -13727.71     0.00        0.9246 
1:outfile_0.4_0.4:              -13764.37     0.00        0.8131 
1:outfile_0.4_0.4:              -13727.18     0.00        0.9198 
1:outfile_0.4_0.4:              -13726.23     0.00        0.9213 
1:outfile_0.4_0.4:              -13727.51     0.00        0.9219 
1:outfile_0.4_0.4:              -13724.17     0.00        0.9220 
1:outfile_0.4_0.4:              -13727.62     0.00        0.9205 
1:outfile_0.4_0.4:              -13724.17     0.00        0.9182 
1:outfile_0.4_0.4:              -13727.69     0.00        0.9204 
1:outfile_0.4_0.4:              -13741.29     0.00        0.9051 
1:outfile_0.4_0.4:              -13727.49     0.00        0.9204 
1:outfile_0.4_0.4:              -13727.32     0.00        0.9219 
1:outfile_0.4_0.4:              -13725.59     0.00        0.9176 
1:outfile_0.4_0.4:              -13726.90     0.00        0.9246 
1:outfile_0.4_0.4:              -13726.23     0.00        0.9226 
1:outfile_0.4_0.4:              -13754.02     0.00        0.8481 
1:outfile_0.4_0.4:              -13754.52     0.00        0.8663 
1:outfile_0.4_0.4:              -13726.29     0.00        0.9205 
1:outfile_0.4_0.4:              -13726.97     0.00        0.9212 
1:outfile_0.4_0.4:              -13727.10     0.00        0.9219 
1:outfile_0.4_0.4:              -13727.11     0.00        0.9175 
1:outfile_0.4_0.4:              -13791.76     0.00        0.8810 
1:outfile_0.4_0.4:              -13726.21     0.00        0.9247 
1:outfile_0.4_0.4:              -13726.62     0.00        0.9224 
1:outfile_0.4_0.4:              -13726.56     0.00        0.9211 
1:outfile_0.4_0.4:              -13727.07     0.00        0.9183 
1:outfile_0.4_0.4:              -13727.00     0.00        0.9240 
1:outfile_0.4_0.4:              -13726.57     0.00        0.9218 
1:outfile_0.4_0.4:              -13727.06     0.00        0.9212 
1:outfile_0.4_0.4:              -13727.33     0.00        0.9159 
1:outfile_0.4_0.4:              -13754.31     0.00        0.8368 
1:outfile_0.4_0.4:              -13723.64     0.00        0.9212 
1:outfile_0.4_0.4:              -13727.46     0.00        0.9219 
1:outfile_0.4_0.4:              -13751.14     0.00        0.7512 
1:outfile_0.4_0.4:              -13727.66     0.00        0.9175 
1:outfile_0.4_0.4:              -13772.64     0.00        0.8023 
1:outfile_0.4_0.4:              -13726.35     0.00        0.9198 
7:outfile_0.4_1.0:              -18920.94     0.00        0.9900 
6:outfile_0.4_0.9:              -14882.66     0.00        0.9817 
1:outfile_0.4_0.4:              -13724.17     0.00        0.9221 
1:outfile_0.4_0.4:              -13746.33     0.00        0.8104 
1:outfile_0.4_0.4:              -13727.31     0.00        0.9230 
1:outfile_0.4_0.4:              -13727.41     0.00        0.9205 
1:outfile_0.4_0.4:              -13751.91     0.00        0.8174 
1:outfile_0.4_0.4:              -13726.65     0.00        0.9212 
3:outfile_0.4_0.6:              -13883.58     0.00        0.4919 
1:outfile_0.4_0.4:              -13758.51     0.00        0.8671 
1:outfile_0.4_0.4:              -13750.99     0.00        0.8619 
1:outfile_0.4_0.4:              -13722.21     0.00        0.9232 
1:outfile_0.4_0.4:              -13726.98     0.00        0.9210 
1:outfile_0.4_0.4:              -13725.61     0.00        0.9239 
1:outfile_0.4_0.4:              -13740.37     0.00        0.8581 
1:outfile_0.4_0.4:              -13765.30     0.00        0.7875 
1:outfile_0.4_0.4:              -13725.54     0.00        0.9225 
1:outfile_0.4_0.4:              -13768.91     0.00        0.8486 
1:outfile_0.4_0.4:              -13727.33     0.00        0.9183 
1:outfile_0.4_0.4:              -13791.35     0.00        0.8016 
1:outfile_0.4_0.4:              -13738.65     0.00        0.9091 
1:outfile_0.4_0.4:              -13765.34     0.00        0.5894 
1:outfile_0.4_0.4:              -13724.74     0.00        0.9225 
1:outfile_0.4_0.4:              -13779.03     0.00        0.6973 
1:outfile_0.4_0.4:              -13726.11     0.00        0.9205 
1:outfile_0.4_0.4:              -13749.79     0.00        0.8637 
1:outfile_0.4_0.4:              -13723.87     0.00        0.9175 
2:outfile_0.4_0.5:              -14046.03     0.00        0.4018 
1:outfile_0.4_0.4:              -13727.24     0.00        0.9197 
1:outfile_0.4_0.4:              -13727.62     0.00        0.9211 
2:outfile_0.4_0.5:              -13792.36     0.00        0.5594 
1:outfile_0.4_0.4:              -13727.45     0.00        0.9224 
1:outfile_0.4_0.4:              -13727.26     0.00        0.9232 
1:outfile_0.4_0.4:              -13725.88     0.00        0.9231 
1:outfile_0.4_0.4:              -13779.68     0.00        0.8161 
1:outfile_0.4_0.4:              -13726.35     0.00        0.9232 
3:outfile_0.4_0.6:              -14392.35     0.00        0.6754 
1:outfile_0.4_0.4:              -13925.79     0.00        0.6133 
1:outfile_0.4_0.4:              -13725.45     0.00        0.9217 
1:outfile_0.4_0.4:              -13740.89     0.00        0.9141 
1:outfile_0.4_0.4:              -13912.53     0.00        0.6205 
7:outfile_0.4_1.0:              -16865.25     0.00        1.0000 
1:outfile_0.4_0.4:              -13727.49     0.00        0.9199 
1:outfile_0.5_0.6:              -13754.40     0.00        0.9907 
1:outfile_0.5_0.6:              -14198.36     0.00        0.6593 
1:outfile_0.5_0.6:              -13765.45     0.00        0.9901 
1:outfile_0.5_0.6:              -13744.48     0.00        0.9911 
1:outfile_0.5_0.6:              -13757.45     0.00        0.9893 
2:outfile_0.5_0.7:              -14213.37     0.00        0.6479 
1:outfile_0.5_0.6:              -13747.27     0.00        0.9905 
1:outfile_0.5_0.6:              -13790.11     0.00        0.9890 
1:outfile_0.5_0.6:              -13747.13     0.00        0.9911 
1:outfile_0.5_0.6:              -13733.19     0.00        0.9922 
1:outfile_0.5_0.6:              -13823.28     0.00        0.9766 
1:outfile_0.5_0.6:              -13791.01     0.00        0.9846 
2:outfile_0.5_0.7:              -29812.28     0.00        1.0000 
1:outfile_0.5_0.6:              -13747.33     0.00        0.9900 
1:outfile_0.5_0.6:              -13755.62     0.00        0.9901 
1:outfile_0.5_0.6:              -13732.98     0.00        0.9928 
1:outfile_0.5_0.6:              -13749.82     0.00        0.9909 
1:outfile_0.5_0.6:              -13732.70     0.00        0.9930 
1:outfile_0.5_0.6:              -13733.28     0.00        0.9916 
1:outfile_0.5_0.6:              -13731.47     0.00        0.9913 
1:outfile_0.5_0.6:              -13889.65     0.00        0.9840 
1:outfile_0.5_0.6:              -13730.04     0.00        0.9918 
1:outfile_0.5_0.6:              -13757.91     0.00        0.9894 
1:outfile_0.5_0.6:              -13905.17     0.00        0.9641 
1:outfile_0.5_0.6:              -13746.65     0.00        0.9904 
1:outfile_0.5_0.6:              -13732.47     0.00        0.9922 
1:outfile_0.5_0.6:              -13732.79     0.00        0.9916 
1:outfile_0.5_0.6:              -13812.48     0.00        0.9802 
1:outfile_0.5_0.6:              -13732.84     0.00        0.9923 
1:outfile_0.5_0.6:              -13726.48     0.00        0.9924 
2:outfile_0.5_0.7:              -16575.40     0.00        1.0000 
1:outfile_0.5_0.6:              -13731.57     0.00        0.9931 
1:outfile_0.5_0.6:              -13945.29     0.00        0.9269 
1:outfile_0.5_0.6:              -13745.91     0.00        0.9913 
1:outfile_0.5_0.6:              -13732.63     0.00        0.9919 
1:outfile_0.5_0.6:              -13792.47     0.00        0.9876 
1:outfile_0.5_0.6:              -13733.03     0.00        0.9913 
1:outfile_0.5_0.6:              -13746.70     0.00        0.9909 
1:outfile_0.5_0.6:              -13791.32     0.00        0.9876 
1:outfile_0.5_0.6:              -13778.97     0.00        0.9854 
1:outfile_0.5_0.6:              -13872.31     0.00        0.9804 
1:outfile_0.5_0.6:              -13803.19     0.00        0.9802 
1:outfile_0.5_0.6:              -14573.95     0.00        0.5025 
1:outfile_0.5_0.6:              -13756.52     0.00        0.9851 
1:outfile_0.5_0.6:              -13733.35     0.00        0.9922 
1:outfile_0.5_0.6:              -13747.32     0.00        0.9901 
1:outfile_0.5_0.6:              -14166.25     0.00        0.6660 
1:outfile_0.5_0.6:              -13763.89     0.00        0.9858 
1:outfile_0.5_0.6:              -13731.93     0.00        0.9923 
1:outfile_0.5_0.6:              -13744.94     0.00        0.9922 
1:outfile_0.5_0.6:              -13826.70     0.00        0.9815 
2:outfile_0.5_0.7:              -17036.64     0.00        1.0000 
1:outfile_0.5_0.6:              -13730.91     0.00        0.9930 
1:outfile_0.5_0.6:              -13729.40     0.00        0.9923 
1:outfile_0.5_0.6:              -13927.31     0.00        0.9601 
1:outfile_0.5_0.6:              -13769.94     0.00        0.9883 
1:outfile_0.5_0.6:              -13732.81     0.00        0.9924 
1:outfile_0.5_0.6:              -14391.74     0.00        0.7465 
2:outfile_0.5_0.7:              -78019.84     0.00        1.0000 
1:outfile_0.5_0.6:              -13744.40     0.00        0.9914 
1:outfile_0.5_0.6:              -13743.30     0.00        0.9913 
2:outfile_0.5_0.7:              -15652.61     0.00        1.0000 
1:outfile_0.5_0.6:              -13778.76     0.00        0.9869 
2:outfile_0.5_0.7:              -14881.31     0.00        0.9999 
2:outfile_0.5_0.7:              -95556.50     0.00        1.0000 
1:outfile_0.5_0.6:              -13732.25     0.00        0.9922 
1:outfile_0.5_0.6:              -13730.48     0.00        0.9936 
1:outfile_0.5_0.6:              -13731.23     0.00        0.9918 
1:outfile_0.5_0.6:              -13863.12     0.00        0.9744 
1:outfile_0.5_0.6:              -13744.78     0.00        0.9902 
1:outfile_0.5_0.6:              -13833.63     0.00        0.9734 
2:outfile_0.5_0.7:              -14799.65     0.00        0.9957 
1:outfile_0.5_0.6:              -13755.58     0.00        0.9891 
1:outfile_0.5_0.6:              -14216.16     0.00        0.8676 
1:outfile_0.5_0.6:              -13798.82     0.00        0.9768 
1:outfile_0.5_0.6:              -13746.59     0.00        0.9911 
1:outfile_0.5_0.6:              -13970.60     0.00        0.9289 
1:outfile_0.5_0.6:              -13732.99     0.00        0.9922 
1:outfile_0.5_0.6:              -13812.71     0.00        0.9867 
1:outfile_0.5_0.6:              -13794.21     0.00        0.9832 
1:outfile_0.5_0.6:              -13746.28     0.00        0.9904 
1:outfile_0.5_0.6:              -13732.96     0.00        0.9920 
2:outfile_0.5_0.7:              -15316.04     0.00        1.0000 
1:outfile_0.5_0.6:              -13895.03     0.00        0.9220 
1:outfile_0.5_0.6:              -13862.66     0.00        0.9552 
1:outfile_0.5_0.6:              -13730.81     0.00        0.9922 
1:outfile_0.5_0.6:              -13733.19     0.00        0.9922 
1:outfile_0.5_0.6:              -13800.17     0.00        0.9839 
1:outfile_0.5_0.6:              -13819.34     0.00        0.9837 
1:outfile_0.5_0.6:              -13786.16     0.00        0.9848 
2:outfile_0.5_0.7:              -14819.88     0.00        1.0000 
2:outfile_0.5_0.7:              -14954.67     0.00        1.0000 
2:outfile_0.5_0.7:              -14549.10     0.00        0.8665 
2:outfile_0.5_0.7:              -14629.93     0.00        0.9998 
1:outfile_0.5_0.6:              -13924.63     0.00        0.8947 
1:outfile_0.5_0.6:              -13747.18     0.00        0.9908 
1:outfile_0.5_0.6:              -13732.95     0.00        0.9925 
1:outfile_0.5_0.6:              -13731.99     0.00        0.9920 
1:outfile_0.5_0.6:              -13732.38     0.00        0.9916 
1:outfile_0.5_0.6:              -13732.22     0.00        0.9918 
2:outfile_0.6_0.5:              -13846.90     0.00        0.6930 
1:outfile_0.6_0.4:              -13779.99     0.00        0.6350 
1:outfile_0.6_0.4:              -13839.30     0.00        0.5503 
1:outfile_0.6_0.4:              -13740.66     0.00        0.9069 
1:outfile_0.6_0.4:              -13810.03     0.00        0.5288 
1:outfile_0.6_0.4:              -13819.36     0.00        0.7520 
2:outfile_0.6_0.5:              -13792.52     0.00        0.5638 
2:outfile_0.6_0.5:              -13865.88     0.00        0.5323 
1:outfile_0.6_0.4:              -13726.96     0.00        0.9225 
1:outfile_0.6_0.4:              -13826.73     0.00        0.6668 
2:outfile_0.6_0.5:              -14118.33     0.00        0.4466 
1:outfile_0.6_0.4:              -13754.34     0.00        0.7493 
1:outfile_0.6_0.4:              -13749.63     0.00        0.8677 
1:outfile_0.6_0.4:              -13805.78     0.00        0.7520 
3:outfile_0.6_0.6:              -13916.22     0.00        0.4991 
1:outfile_0.6_0.4:              -13768.23     0.00        0.8538 
2:outfile_0.6_0.5:              -13935.61     0.00        0.5424 
2:outfile_0.6_0.5:              -13885.70     0.00        0.5986 
3:outfile_0.6_0.6:              -14099.24     0.00        0.6459 
2:outfile_0.6_0.5:              -13893.34     0.00        0.6843 
2:outfile_0.6_0.5:              -13819.55     0.00        0.5277 
1:outfile_0.6_0.4:              -13738.51     0.00        0.8574 
1:outfile_0.6_0.4:              -13809.37     0.00        0.8585 
3:outfile_0.6_0.6:              -13891.22     0.00        0.5679 
1:outfile_0.6_0.4:              -13740.78     0.00        0.9076 
3:outfile_0.6_0.6:              -14184.54     0.00        0.4931 
1:outfile_0.6_0.4:              -13778.51     0.00        0.5338 
1:outfile_0.6_0.4:              -13786.86     0.00        0.5807 
3:outfile_0.6_0.6:              -13990.12     0.00        0.5280 
3:outfile_0.6_0.6:              -14162.73     0.00        0.5012 
2:outfile_0.6_0.5:              -13965.34     0.00        0.5629 
2:outfile_0.6_0.5:              -13891.68     0.00        0.5374 
1:outfile_0.6_0.4:              -13738.84     0.00        0.8557 
5:outfile_0.6_0.8:              -15349.98     0.00        0.9152 
1:outfile_0.6_0.4:              -13726.53     0.00        0.9212 
3:outfile_0.6_0.6:              -14084.44     0.00        0.5201 
2:outfile_0.6_0.5:              -13898.78     0.00        0.5161 
4:outfile_0.6_0.7:              -14805.02     0.00        0.7739 
3:outfile_0.6_0.6:              -14067.22     0.00        0.5669 
2:outfile_0.6_0.5:              -13830.35     0.00        0.6346 
1:outfile_0.6_0.4:              -13754.30     0.00        0.7491 
5:outfile_0.6_0.8:              -14559.41     0.00        0.7432 
1:outfile_0.6_0.4:              -13783.20     0.00        0.7508 
3:outfile_0.6_0.6:              -14155.30     0.00        0.5265 
1:outfile_0.6_0.4:              -13812.69     0.00        0.7688 
1:outfile_0.6_0.4:              -13741.11     0.00        0.9102 
1:outfile_0.6_0.4:              -13750.52     0.00        0.8662 
1:outfile_0.6_0.4:              -13736.84     0.00        0.8634 
1:outfile_0.6_0.4:              -13741.53     0.00        0.8550 
2:outfile_0.6_0.5:              -13834.88     0.00        0.6184 
2:outfile_0.6_0.5:              -13835.74     0.00        0.4610 
3:outfile_0.6_0.6:              -14105.05     0.00        0.5350 
2:outfile_0.6_0.5:              -13885.05     0.00        0.5036 
6:outfile_0.6_0.9:              -15687.69     0.00        0.9252 
6:outfile_0.6_0.9:              -15868.66     0.00        0.8791 
3:outfile_0.6_0.6:              -13960.76     0.00        0.4400 
1:outfile_0.6_0.4:              -13766.76     0.00        0.7269 
5:outfile_0.6_0.8:              -14716.22     0.00        0.5694 
1:outfile_0.6_0.4:              -13727.23     0.00        0.9231 
7:outfile_0.6_1.0:              -19264.16     0.00        1.0000 
2:outfile_0.6_0.5:              -13917.63     0.00        0.5197 
4:outfile_0.6_0.7:              -14524.34     0.00        0.7151 
2:outfile_0.6_0.5:              -13775.94     0.00        0.4743 
2:outfile_0.6_0.5:              -13850.14     0.00        0.5412 
1:outfile_0.6_0.4:              -13838.11     0.00        0.5238 
1:outfile_0.6_0.4:              -13817.15     0.00        0.7057 
1:outfile_0.6_0.4:              -13786.18     0.00        0.7328 
1:outfile_0.6_0.4:              -13797.41     0.00        0.5693 
1:outfile_0.6_0.4:              -13765.06     0.00        0.7689 
1:outfile_0.6_0.4:              -13752.70     0.00        0.8683 
1:outfile_0.6_0.4:              -13785.23     0.00        0.7213 
1:outfile_0.6_0.4:              -13771.56     0.00        0.6066 
2:outfile_0.6_0.5:              -13940.04     0.00        0.6168 
3:outfile_0.6_0.6:              -14490.52     0.00        0.4922 
4:outfile_0.6_0.7:              -14699.59     0.00        0.7462 
2:outfile_0.6_0.5:              -13810.43     0.00        0.6757 
1:outfile_0.6_0.4:              -13827.94     0.00        0.6893 
5:outfile_0.6_0.8:              -15400.29     0.00        0.8242 
3:outfile_0.6_0.6:              -13929.53     0.00        0.8253 
3:outfile_0.6_0.6:              -14159.48     0.00        0.7383 
4:outfile_0.6_0.7:              -14160.29     0.00        0.7746 
1:outfile_0.6_0.4:              -13785.92     0.00        0.6113 
3:outfile_0.6_0.6:              -14083.64     0.00        0.5582 
2:outfile_0.6_0.5:              -13830.68     0.00        0.4904 
3:outfile_0.6_0.6:              -13975.23     0.00        0.6744 
1:outfile_0.6_0.4:              -13801.76     0.00        0.5282 
1:outfile_0.6_0.4:              -13815.07     0.00        0.6958 
2:outfile_0.6_0.5:              -13938.71     0.00        0.4961 
7:outfile_0.6_1.0:              -20435.31     0.00        1.0000 
7:outfile_0.6_1.0:              -26183.75     0.00        1.0000 
1:outfile_0.6_0.4:              -13759.80     0.00        0.8522 
1:outfile_0.6_0.4:              -13740.10     0.00        0.8612 
1:outfile_0.6_0.4:              -13742.00     0.00        0.9108 
1:outfile_0.6_0.4:              -13840.99     0.00        0.5494 
1:outfile_0.6_0.4:              -13752.04     0.00        0.8649 
2:outfile_0.6_0.5:              -13958.52     0.00        0.4378 
1:outfile_0.6_0.4:              -13825.32     0.00        0.6197 
1:outfile_0.6_0.4:              -13749.74     0.00        0.8576 
1:outfile_0.6_0.4:              -13764.93     0.00        0.7666 
1:outfile_0.6_0.4:              -13750.39     0.00        0.8552 
6:outfile_0.7_0.9:              -16268.92     0.00        0.9453 
3:outfile_0.7_0.6:              -14042.35     0.00        0.6151 
3:outfile_0.7_0.6:              -13946.49     0.00        0.8245 
2:outfile_0.7_0.5:              -14021.64     0.00        0.4797 
3:outfile_0.7_0.6:              -13934.90     0.00        0.5589 
4:outfile_0.7_0.7:              -14194.10     0.00        0.6636 
3:outfile_0.7_0.6:              -14156.96     0.00        0.5749 
1:outfile_0.7_0.4:              -13817.64     0.00        0.5277 
5:outfile_0.7_0.8:              -14840.77     0.00        0.8635 
3:outfile_0.7_0.6:              -14108.17     0.00        0.5888 
6:outfile_0.7_0.9:              -16795.49     0.00        0.6130 
4:outfile_0.7_0.7:              -14372.96     0.00        0.7646 
3:outfile_0.7_0.6:              -14239.03     0.00        0.5884 
7:outfile_0.7_1.0:              -16728.51     0.00        0.9637 
3:outfile_0.7_0.6:              -14122.84     0.00        0.5280 
3:outfile_0.7_0.6:              -13968.88     0.00        0.5157 
3:outfile_0.7_0.6:              -14077.20     0.00        0.6620 
1:outfile_0.7_0.4:              -13753.55     0.00        0.8465 
1:outfile_0.7_0.4:              -13767.09     0.00        0.7254 
2:outfile_0.7_0.5:              -13846.48     0.00        0.7013 
4:outfile_0.7_0.7:              -14164.05     0.00        0.7801 
3:outfile_0.7_0.6:              -14161.99     0.00        0.4924 
2:outfile_0.7_0.5:              -13820.35     0.00        0.5706 
4:outfile_0.7_0.7:              -14698.11     0.00        0.7506 
3:outfile_0.7_0.6:              -13894.92     0.00        0.6280 
4:outfile_0.7_0.7:              -14540.83     0.00        0.6431 
6:outfile_0.7_0.9:              -15878.50     0.00        0.9478 
4:outfile_0.7_0.7:              -14300.23     0.00        0.7245 
2:outfile_0.7_0.5:              -13851.67     0.00        0.7034 
2:outfile_0.7_0.5:              -13849.52     0.00        0.5296 
5:outfile_0.7_0.8:              -14308.45     0.00        0.5650 
1:outfile_0.7_0.4:              -13777.41     0.00        0.7055 
7:outfile_0.7_1.0:              -17536.04     0.00        0.9842 
6:outfile_0.7_0.9:              -16933.51     0.00        0.7367 
1:outfile_0.7_0.4:              -13753.16     0.00        0.7500 
3:outfile_0.7_0.6:              -14048.44     0.00        0.6696 
3:outfile_0.7_0.6:              -13926.54     0.00        0.4667 
5:outfile_0.7_0.8:              -14351.91     0.00        0.6794 
4:outfile_0.7_0.7:              -14291.69     0.00        0.6114 
4:outfile_0.7_0.7:              -14489.89     0.00        0.7766 
4:outfile_0.7_0.7:              -14712.31     0.00        0.8887 
2:outfile_0.7_0.5:              -13881.11     0.00        0.6218 
4:outfile_0.7_0.7:              -14609.99     0.00        0.7374 
6:outfile_0.7_0.9:              -15939.85     0.00        0.9928 
3:outfile_0.7_0.6:              -14017.97     0.00        0.8519 
4:outfile_0.7_0.7:              -14240.49     0.00        0.7571 
3:outfile_0.7_0.6:              -13993.33     0.00        0.6115 
2:outfile_0.7_0.5:              -13998.31     0.00        0.4074 
1:outfile_0.7_0.4:              -13838.54     0.00        0.5704 
3:outfile_0.7_0.6:              -13943.42     0.00        0.6126 
2:outfile_0.7_0.5:              -13896.12     0.00        0.5957 
7:outfile_0.7_1.0:              -23482.59     0.00        1.0000 
1:outfile_0.7_0.4:              -13878.03     0.00        0.4779 
6:outfile_0.7_0.9:              -15649.90     0.00        0.9793 
3:outfile_0.7_0.6:              -14019.51     0.00        0.7171 
3:outfile_0.7_0.6:              -13953.00     0.00        0.8203 
5:outfile_0.7_0.8:              -14909.70     0.00        0.8825 
3:outfile_0.7_0.6:              -14043.67     0.00        0.7082 
1:outfile_0.7_0.4:              -13977.92     0.00        0.6649 
1:outfile_0.7_0.4:              -13805.78     0.00        0.7932 
4:outfile_0.7_0.7:              -14839.36     0.00        0.8105 
3:outfile_0.7_0.6:              -14109.93     0.00        0.8387 
6:outfile_0.7_0.9:              -15047.11     0.00        0.6316 
4:outfile_0.7_0.7:              -14249.60     0.00        0.7618 
3:outfile_0.7_0.6:              -14112.60     0.00        0.5542 
3:outfile_0.7_0.6:              -14317.48     0.00        0.6787 
5:outfile_0.7_0.8:              -14491.58     0.00        0.8974 
3:outfile_0.7_0.6:              -14224.48     0.00        0.7283 
3:outfile_0.7_0.6:              -13942.85     0.00        0.5099 
1:outfile_0.7_0.4:              -13924.32     0.00        0.4413 
4:outfile_0.7_0.7:              -14401.51     0.00        0.7015 
5:outfile_0.7_0.8:              -15201.88     0.00        0.8831 
1:outfile_0.7_0.4:              -13804.82     0.00        0.7854 
7:outfile_0.7_1.0:              -16097.69     0.00        0.9999 
7:outfile_0.7_1.0:              -17366.63     0.00        1.0000 
3:outfile_0.7_0.6:              -14015.76     0.00        0.6213 
3:outfile_0.7_0.6:              -14032.05     0.00        0.5684 
4:outfile_0.7_0.7:              -14351.78     0.00        0.7076 
6:outfile_0.7_0.9:              -16384.31     0.00        0.9421 
1:outfile_0.7_0.4:              -13805.43     0.00        0.5808 
4:outfile_0.7_0.7:              -14463.29     0.00        0.7229 
2:outfile_0.7_0.5:              -13854.93     0.00        0.6435 
2:outfile_0.7_0.5:              -13974.41     0.00        0.5009 
4:outfile_0.7_0.7:              -14512.82     0.00        0.7800 
4:outfile_0.7_0.7:              -14658.97     0.00        0.7956 
2:outfile_0.7_0.5:              -13860.69     0.00        0.5781 
3:outfile_0.7_0.6:              -14339.95     0.00        0.6487 
4:outfile_0.7_0.7:              -14285.91     0.00        0.7648 
3:outfile_0.7_0.6:              -14026.47     0.00        0.5012 
2:outfile_0.7_0.5:              -13875.43     0.00        0.5136 
4:outfile_0.7_0.7:              -14295.24     0.00        0.7048 
7:outfile_0.7_1.0:              -18729.67     0.00        0.7667 
3:outfile_0.7_0.6:              -13954.83     0.00        0.8020 
2:outfile_0.7_0.5:              -13900.04     0.00        0.5011 
4:outfile_0.7_0.7:              -14112.86     0.00        0.5064 
2:outfile_0.7_0.5:              -13880.95     0.00        0.5739 
5:outfile_0.7_0.8:              -15403.75     0.00        0.7516 
6:outfile_0.7_0.9:              -15535.04     0.00        0.9439 
3:outfile_0.7_0.6:              -13872.47     0.00        0.5540 
7:outfile_0.7_1.0:              -16970.76     0.00        0.9928 
6:outfile_0.8_0.9:              -14996.73     0.00        0.8850 
5:outfile_0.8_0.8:              -14845.99     0.00        0.8459 
4:outfile_0.8_0.7:              -14496.47     0.00        0.7806 
3:outfile_0.8_0.6:              -14245.08     0.00        0.5196 
3:outfile_0.8_0.6:              -14097.71     0.00        0.6535 
5:outfile_0.8_0.8:              -15486.98     0.00        0.9127 
3:outfile_0.8_0.6:              -14243.99     0.00        0.5285 
4:outfile_0.8_0.7:              -14111.81     0.00        0.6310 
7:outfile_0.8_1.0:              -20755.25     0.00        1.0000 
4:outfile_0.8_0.7:              -14214.77     0.00        0.7418 
3:outfile_0.8_0.6:              -13996.37     0.00        0.7495 
4:outfile_0.8_0.7:              -14814.05     0.00        0.7505 
6:outfile_0.8_0.9:              -15780.76     0.00        0.5424 
5:outfile_0.8_0.8:              -15245.02     0.00        0.6466 
3:outfile_0.8_0.6:              -14142.68     0.00        0.7263 
4:outfile_0.8_0.7:              -14597.70     0.00        0.7559 
4:outfile_0.8_0.7:              -14118.71     0.00        0.5236 
3:outfile_0.8_0.6:              -14075.07     0.00        0.7584 
2:outfile_0.8_0.5:              -13951.59     0.00        0.4858 
3:outfile_0.8_0.6:              -13977.55     0.00        0.5218 
5:outfile_0.8_0.8:              -15067.96     0.00        0.8699 
7:outfile_0.8_1.0:              -17098.74     0.00        0.9999 
5:outfile_0.8_0.8:              -15007.25     0.00        0.8832 
5:outfile_0.8_0.8:              -14875.10     0.00        0.9149 
3:outfile_0.8_0.6:              -14016.14     0.00        0.6576 
5:outfile_0.8_0.8:              -15317.16     0.00        0.7069 
5:outfile_0.8_0.8:              -14854.11     0.00        0.7866 
4:outfile_0.8_0.7:              -14400.00     0.00        0.7448 
3:outfile_0.8_0.6:              -14018.32     0.00        0.6492 
3:outfile_0.8_0.6:              -14008.84     0.00        0.6920 
7:outfile_0.8_1.0:              -15751.14     0.00        0.7446 
6:outfile_0.8_0.9:              -14882.42     0.00        0.8469 
5:outfile_0.8_0.8:              -14856.43     0.00        0.8861 
4:outfile_0.8_0.7:              -14425.66     0.00        0.7210 
7:outfile_0.8_1.0:              -18731.39     0.00        0.9975 
3:outfile_0.8_0.6:              -14119.86     0.00        0.6300 
2:outfile_0.8_0.5:              -13864.11     0.00        0.7028 
3:outfile_0.8_0.6:              -14032.09     0.00        0.7529 
5:outfile_0.8_0.8:              -14514.04     0.00        0.8102 
4:outfile_0.8_0.7:              -14176.63     0.00        0.5305 
5:outfile_0.8_0.8:              -15498.42     0.00        0.8556 
7:outfile_0.8_1.0:              -34496.87     0.00        1.0000 
2:outfile_0.8_0.5:              -13961.93     0.00        0.5222 
5:outfile_0.8_0.8:              -14507.09     0.00        0.8593 
4:outfile_0.8_0.7:              -14227.13     0.00        0.6730 
4:outfile_0.8_0.7:              -14513.03     0.00        0.6751 
5:outfile_0.8_0.8:              -14973.12     0.00        0.8545 
3:outfile_0.8_0.6:              -14157.88     0.00        0.4968 
3:outfile_0.8_0.6:              -14194.45     0.00        0.7098 
7:outfile_0.8_1.0:              -22974.46     0.00        1.0000 
2:outfile_0.8_0.5:              -13888.09     0.00        0.6306 
4:outfile_0.8_0.7:              -14392.24     0.00        0.7652 
4:outfile_0.8_0.7:              -14316.65     0.00        0.7546 
3:outfile_0.8_0.6:              -14321.60     0.00        0.4991 
3:outfile_0.8_0.6:              -14314.57     0.00        0.5147 
3:outfile_0.8_0.6:              -14093.75     0.00        0.7009 
5:outfile_0.8_0.8:              -14535.49     0.00        0.6164 
5:outfile_0.8_0.8:              -15281.11     0.00        0.8912 
4:outfile_0.8_0.7:              -14968.87     0.00        0.7054 
6:outfile_0.8_0.9:              -15291.33     0.00        0.9374 
4:outfile_0.8_0.7:              -14765.83     0.00        0.7451 
3:outfile_0.8_0.6:              -14080.74     0.00        0.7405 
3:outfile_0.8_0.6:              -14043.72     0.00        0.6392 
3:outfile_0.8_0.6:              -14110.59     0.00        0.6982 
3:outfile_0.8_0.6:              -13950.35     0.00        0.7910 
4:outfile_0.8_0.7:              -14192.18     0.00        0.7390 
3:outfile_0.8_0.6:              -14117.49     0.00        0.7901 
3:outfile_0.8_0.6:              -14068.94     0.00        0.6584 
7:outfile_0.8_1.0:              -31317.00     0.00        1.0000 
4:outfile_0.8_0.7:              -14132.63     0.00        0.5607 
7:outfile_0.8_1.0:              -18321.72     0.00        1.0000 
4:outfile_0.8_0.7:              -14880.47     0.00        0.6825 
3:outfile_0.8_0.6:              -14022.54     0.00        0.6686 
4:outfile_0.8_0.7:              -14237.65     0.00        0.6311 
3:outfile_0.8_0.6:              -14205.75     0.00        0.6736 
3:outfile_0.8_0.6:              -14052.03     0.00        0.6527 
3:outfile_0.8_0.6:              -14057.21     0.00        0.6600 
3:outfile_0.8_0.6:              -13983.47     0.00        0.5185 
5:outfile_0.8_0.8:              -15016.20     0.00        0.5219 
3:outfile_0.8_0.6:              -14042.02     0.00        0.5890 
4:outfile_0.8_0.7:              -14328.45     0.00        0.7234 
7:outfile_0.8_1.0:              -20080.30     0.00        0.9954 
4:outfile_0.8_0.7:              -14158.41     0.00        0.7063 
4:outfile_0.8_0.7:              -14604.39     0.00        0.5218 
3:outfile_0.8_0.6:              -14018.91     0.00        0.7410 
4:outfile_0.8_0.7:              -14150.14     0.00        0.4899 
3:outfile_0.8_0.6:              -14197.37     0.00        0.7309 
4:outfile_0.8_0.7:              -14566.14     0.00        0.8394 
3:outfile_0.8_0.6:              -14176.20     0.00        0.5756 
4:outfile_0.8_0.7:              -14407.83     0.00        0.5486 
3:outfile_0.8_0.6:              -14026.26     0.00        0.6386 
7:outfile_0.8_1.0:              -20663.94     0.00        1.0000 
7:outfile_0.8_1.0:              -19692.61     0.00        1.0000 
3:outfile_0.8_0.6:              -14278.27     0.00        0.5358 
5:outfile_0.8_0.8:              -14944.04     0.00        0.8819 
4:outfile_0.8_0.7:              -14707.81     0.00        0.7791 
5:outfile_0.8_0.8:              -14863.78     0.00        0.8196 
4:outfile_0.8_0.7:              -14435.81     0.00        0.8344 
6:outfile_0.8_0.9:              -16919.47     0.00        0.9816 
4:outfile_0.8_0.7:              -14344.24     0.00        0.7402 
4:outfile_0.9_0.7:              -14765.19     0.00        0.6175 
4:outfile_0.9_0.7:              -14605.91     0.00        0.8060 
4:outfile_0.9_0.7:              -14445.37     0.00        0.8131 
7:outfile_0.9_1.0:              -16222.39     0.00        1.0000 
5:outfile_0.9_0.8:              -14429.19     0.00        0.5261 
7:outfile_0.9_1.0:              -16266.88     0.00        0.6479 
5:outfile_0.9_0.8:              -15007.52     0.00        0.8867 
5:outfile_0.9_0.8:              -15071.35     0.00        0.7005 
4:outfile_0.9_0.7:              -14770.61     0.00        0.7083 
5:outfile_0.9_0.8:              -14620.87     0.00        0.7266 
7:outfile_0.9_1.0:              -17892.40     0.00        1.0000 
5:outfile_0.9_0.8:              -14635.86     0.00        0.6209 
4:outfile_0.9_0.7:              -14216.82     0.00        0.5083 
5:outfile_0.9_0.8:              -14605.22     0.00        0.6190 
7:outfile_0.9_1.0:              -16225.35     0.00        0.9977 
4:outfile_0.9_0.7:              -14839.43     0.00        0.7097 
5:outfile_0.9_0.8:              -15318.49     0.00        0.7113 
3:outfile_0.9_0.6:              -14176.04     0.00        0.5323 
3:outfile_0.9_0.6:              -14047.65     0.00        0.8351 
4:outfile_0.9_0.7:              -14504.54     0.00        0.7645 
5:outfile_0.9_0.8:              -14865.36     0.00        0.6445 
5:outfile_0.9_0.8:              -14717.34     0.00        0.7551 
6:outfile_0.9_0.9:              -15868.16     0.00        0.9181 
7:outfile_0.9_1.0:              -18007.07     0.00        1.0000 
4:outfile_0.9_0.7:              -14638.52     0.00        0.7685 
5:outfile_0.9_0.8:              -14770.73     0.00        0.7661 
5:outfile_0.9_0.8:              -15197.96     0.00        0.7458 
5:outfile_0.9_0.8:              -15048.02     0.00        0.7562 
3:outfile_0.9_0.6:              -14168.19     0.00        0.6140 
7:outfile_0.9_1.0:              -16268.22     0.00        1.0000 
5:outfile_0.9_0.8:              -15792.55     0.00        0.7880 
4:outfile_0.9_0.7:              -14366.62     0.00        0.7822 
6:outfile_0.9_0.9:              -15924.56     0.00        0.9682 
5:outfile_0.9_0.8:              -14921.38     0.00        0.9112 
5:outfile_0.9_0.8:              -14850.07     0.00        0.7964 
7:outfile_0.9_1.0:              -18577.53     0.00        0.9993 
7:outfile_0.9_1.0:              -16413.14     0.00        0.9995 
5:outfile_0.9_0.8:              -15260.11     0.00        0.5763 
5:outfile_0.9_0.8:              -14514.16     0.00        0.5169 
4:outfile_0.9_0.7:              -14555.35     0.00        0.7616 
7:outfile_0.9_1.0:              -17705.63     0.00        1.0000 
5:outfile_0.9_0.8:              -14825.64     0.00        0.5431 
5:outfile_0.9_0.8:              -14766.49     0.00        0.6592 
5:outfile_0.9_0.8:              -14876.26     0.00        0.7169 
4:outfile_0.9_0.7:              -14401.88     0.00        0.7742 
5:outfile_0.9_0.8:              -14666.80     0.00        0.5503 
5:outfile_0.9_0.8:              -14785.22     0.00        0.8991 
5:outfile_0.9_0.8:              -14887.25     0.00        0.6260 
5:outfile_0.9_0.8:              -15024.25     0.00        0.9053 
4:outfile_0.9_0.7:              -14373.58     0.00        0.7961 
5:outfile_0.9_0.8:              -15082.68     0.00        0.6686 
6:outfile_0.9_0.9:              -15021.31     0.00        0.8164 
5:outfile_0.9_0.8:              -14798.98     0.00        0.5035 
5:outfile_0.9_0.8:              -14979.23     0.00        0.9004 
4:outfile_0.9_0.7:              -14310.56     0.00        0.7546 
4:outfile_0.9_0.7:              -14600.30     0.00        0.7827 
5:outfile_0.9_0.8:              -15180.39     0.00        0.8653 
5:outfile_0.9_0.8:              -15041.48     0.00        0.5194 
5:outfile_0.9_0.8:              -14747.35     0.00        0.8480 
6:outfile_0.9_0.9:              -16251.71     0.00        0.9728 
6:outfile_0.9_0.9:              -14991.93     0.00        0.5219 
5:outfile_0.9_0.8:              -15337.67     0.00        0.8420 
5:outfile_0.9_0.8:              -14625.60     0.00        0.7296 
6:outfile_0.9_0.9:              -16018.61     0.00        0.8448 
6:outfile_0.9_0.9:              -15615.97     0.00        0.9636 
4:outfile_0.9_0.7:              -14592.44     0.00        0.8420 
5:outfile_0.9_0.8:              -14988.80     0.00        0.8812 
5:outfile_0.9_0.8:              -15364.44     0.00        0.9162 
5:outfile_0.9_0.8:              -15264.04     0.00        0.7942 
7:outfile_0.9_1.0:              -16115.92     0.00        0.9608 
5:outfile_0.9_0.8:              -14704.96     0.00        0.7033 
3:outfile_0.9_0.6:              -14055.09     0.00        0.7624 
4:outfile_0.9_0.7:              -14912.41     0.00        0.6758 
4:outfile_0.9_0.7:              -14341.66     0.00        0.8575 
7:outfile_0.9_1.0:              -17091.26     0.00        1.0000 
5:outfile_0.9_0.8:              -14997.82     0.00        0.7818 
7:outfile_0.9_1.0:              -23025.91     0.00        1.0000 
5:outfile_0.9_0.8:              -14944.77     0.00        0.8524 
5:outfile_0.9_0.8:              -14916.29     0.00        0.7415 
5:outfile_0.9_0.8:              -15181.77     0.00        0.8749 
4:outfile_0.9_0.7:              -14671.68     0.00        0.7983 
5:outfile_0.9_0.8:              -15356.04     0.00        0.8764 
7:outfile_0.9_1.0:              -17072.10     0.00        0.9998 
6:outfile_0.9_0.9:              -15718.82     0.00        0.9551 
5:outfile_0.9_0.8:              -15385.47     0.00        0.9148 
5:outfile_0.9_0.8:              -14952.00     0.00        0.8683 
5:outfile_0.9_0.8:              -14981.25     0.00        0.5876 
7:outfile_0.9_1.0:              -16673.75     0.00        0.9840 
5:outfile_0.9_0.8:              -14842.77     0.00        0.8438 
5:outfile_0.9_0.8:              -15298.29     0.00        0.8638 
5:outfile_0.9_0.8:              -14792.80     0.00        0.6230 
6:outfile_0.9_0.9:              -15632.22     0.00        0.7368 
4:outfile_0.9_0.7:              -14749.50     0.00        0.6550 
5:outfile_0.9_0.8:              -15211.86     0.00        0.8042 
7:outfile_0.9_1.0:              -16778.95     0.00        0.6835 
4:outfile_0.9_0.7:              -14561.10     0.00        0.6201 
6:outfile_0.9_0.9:              -15740.42     0.00        0.5299 
4:outfile_0.9_0.7:              -14520.00     0.00        0.8048 
4:outfile_0.9_0.7:              -14784.94     0.00        0.5393 
4:outfile_0.9_0.7:              -14525.61     0.00        0.7473 
5:outfile_1.0_0.8:              -14722.96     0.00        0.5220 
6:outfile_1.0_0.9:              -15665.99     0.00        0.9424 
7:outfile_1.0_1.0:              -16157.66     0.00        0.6035 
6:outfile_1.0_0.9:              -16015.00     0.00        0.9575 
5:outfile_1.0_0.8:              -15161.63     0.00        0.8405 
7:outfile_1.0_1.0:              -16326.90     0.00        0.7006 
5:outfile_1.0_0.8:              -15268.08     0.00        0.7921 
5:outfile_1.0_0.8:              -15332.47     0.00        0.9114 
5:outfile_1.0_0.8:              -14870.57     0.00        0.7909 
6:outfile_1.0_0.9:              -15389.96     0.00        0.5592 
6:outfile_1.0_0.9:              -15479.18     0.00        0.6452 
5:outfile_1.0_0.8:              -15648.03     0.00        0.7746 
6:outfile_1.0_0.9:              -16008.49     0.00        0.6317 
6:outfile_1.0_0.9:              -15759.02     0.00        0.7849 
5:outfile_1.0_0.8:              -15339.36     0.00        0.8864 
7:outfile_1.0_1.0:              -15789.88     0.00        0.8131 
5:outfile_1.0_0.8:              -15358.57     0.00        0.6985 
7:outfile_1.0_1.0:              -16072.00     0.00        0.8909 
5:outfile_1.0_0.8:              -15333.36     0.00        0.6002 
5:outfile_1.0_0.8:              -15643.04     0.00        0.8908 
6:outfile_1.0_0.9:              -15750.39     0.00        0.8130 
7:outfile_1.0_1.0:              -16279.23     0.00        0.9985 
6:outfile_1.0_0.9:              -15388.40     0.00        0.8970 
6:outfile_1.0_0.9:              -16128.79     0.00        0.8584 
5:outfile_1.0_0.8:              -15149.63     0.00        0.7263 
5:outfile_1.0_0.8:              -15002.10     0.00        0.7543 
6:outfile_1.0_0.9:              -15930.81     0.00        0.9646 
7:outfile_1.0_1.0:              -16270.10     0.00        0.9945 
6:outfile_1.0_0.9:              -16379.12     0.00        0.7209 
6:outfile_1.0_0.9:              -16262.65     0.00        0.7985 
7:outfile_1.0_1.0:              -16293.27     0.00        0.9835 
7:outfile_1.0_1.0:              -16775.86     0.00        0.8928 
5:outfile_1.0_0.8:              -15172.80     0.00        0.7738 
5:outfile_1.0_0.8:              -15172.06     0.00        0.9090 
5:outfile_1.0_0.8:              -15651.09     0.00        0.5220 
5:outfile_1.0_0.8:              -15529.53     0.00        0.7392 
6:outfile_1.0_0.9:              -15508.75     0.00        0.6934 
4:outfile_1.0_0.7:              -14545.63     0.00        0.6637 
5:outfile_1.0_0.8:              -15610.21     0.00        0.8156 
5:outfile_1.0_0.8:              -14913.18     0.00        0.8159 
5:outfile_1.0_0.8:              -15206.57     0.00        0.8368 
5:outfile_1.0_0.8:              -14984.01     0.00        0.7814 
7:outfile_1.0_1.0:              -16708.44     0.00        0.9630 
5:outfile_1.0_0.8:              -15606.17     0.00        0.9163 
6:outfile_1.0_0.9:              -15390.27     0.00        0.6030 
7:outfile_1.0_1.0:              -16229.58     0.00        0.6058 
4:outfile_1.0_0.7:              -14824.94     0.00        0.7831 
6:outfile_1.0_0.9:              -15289.76     0.00        0.9277 
7:outfile_1.0_1.0:              -17644.57     0.00        0.7150 
5:outfile_1.0_0.8:              -15069.00     0.00        0.8895 
5:outfile_1.0_0.8:              -14967.36     0.00        0.8377 
6:outfile_1.0_0.9:              -15841.87     0.00        0.7977 
5:outfile_1.0_0.8:              -15866.26     0.00        0.5195 
6:outfile_1.0_0.9:              -15671.79     0.00        0.8990 
6:outfile_1.0_0.9:              -15425.43     0.00        0.8947 
7:outfile_1.0_1.0:              -16967.01     0.00        0.7841 
6:outfile_1.0_0.9:              -15592.71     0.00        0.9432 
6:outfile_1.0_0.9:              -15571.33     0.00        0.9592 
5:outfile_1.0_0.8:              -15572.08     0.00        0.7373 
5:outfile_1.0_0.8:              -15268.51     0.00        0.9143 
6:outfile_1.0_0.9:              -15755.99     0.00        0.7913 
6:outfile_1.0_0.9:              -15866.41     0.00        0.9362 
6:outfile_1.0_0.9:              -15509.95     0.00        0.9063 
6:outfile_1.0_0.9:              -15619.91     0.00        0.8752 
6:outfile_1.0_0.9:              -15872.24     0.00        0.7309 
6:outfile_1.0_0.9:              -16531.52     0.00        0.7406 
6:outfile_1.0_0.9:              -16279.12     0.00        0.9507 
6:outfile_1.0_0.9:              -16374.64     0.00        0.9730 
5:outfile_1.0_0.8:              -15485.67     0.00        0.8923 
6:outfile_1.0_0.9:              -16337.55     0.00        0.8370 
6:outfile_1.0_0.9:              -16453.19     0.00        0.8874 
7:outfile_1.0_1.0:              -16024.35     0.00        0.6341 
6:outfile_1.0_0.9:              -15966.80     0.00        0.9664 
6:outfile_1.0_0.9:              -16650.75     0.00        0.9593 
6:outfile_1.0_0.9:              -16036.30     0.00        0.8868 
7:outfile_1.0_1.0:              -16609.99     0.00        0.9683 
6:outfile_1.0_0.9:              -16349.90     0.00        0.9113 
5:outfile_1.0_0.8:              -15218.31     0.00        0.9071 
6:outfile_1.0_0.9:              -15710.78     0.00        0.8583 
5:outfile_1.0_0.8:              -15147.21     0.00        0.8279 
7:outfile_1.0_1.0:              -15907.73     0.00        0.8829 
6:outfile_1.0_0.9:              -15891.17     0.00        0.9430 
6:outfile_1.0_0.9:              -15687.05     0.00        0.9524 
6:outfile_1.0_0.9:              -15892.13     0.00        0.9681 
6:outfile_1.0_0.9:              -15680.40     0.00        0.9670 
6:outfile_1.0_0.9:              -15383.71     0.00        0.9261 
6:outfile_1.0_0.9:              -15791.61     0.00        0.6766 
7:outfile_1.0_1.0:              -16449.14     0.00        0.6456 
5:outfile_1.0_0.8:              -15008.62     0.00        0.8374 
5:outfile_1.0_0.8:              -15289.16     0.00        0.8401 
6:outfile_1.0_0.9:              -16107.35     0.00        0.8789 
6:outfile_1.0_0.9:              -15648.05     0.00        0.9366 
7:outfile_1.0_1.0:              -15950.76     0.00        0.5025 
4:outfile_1.0_0.7:              -14571.97     0.00        0.5593 
5:outfile_1.0_0.8:              -15200.28     0.00        0.9190 
6:outfile_1.0_0.9:              -15839.43     0.00        0.6126 
7:outfile_1.0_1.0:              -16899.42     0.00        0.9448 
6:outfile_1.0_0.9:              -15587.13     0.00        0.7456 
6:outfile_1.0_0.9:              -15539.75     0.00        0.8357 
6:outfile_1.0_0.9:              -15577.10     0.00        0.9646 
