1:outfile_0.4_0.4:              -13726.11     0.00        0.9211 
4:outfile_0.4_0.7:              -14165.63     0.00        0.5150 
1:outfile_0.4_0.4:              -13727.28     0.00        0.9203 
1:outfile_0.4_0.4:              -13727.47     0.00        0.9232 
2:outfile_0.4_0.5:              -13876.10     0.00        0.5579 
1:outfile_0.4_0.4:              -13726.80     0.00        0.9212 
1:outfile_0.4_0.4:              -13755.19     0.00        0.8628 
1:outfile_0.4_0.4:              -13723.11     0.00        0.9219 
1:outfile_0.4_0.4:              -13725.42     0.00        0.9211 
1:outfile_0.4_0.4:              -13726.23     0.00        0.9219 
1:outfile_0.4_0.4:              -13726.05     0.00        0.9239 
1:outfile_0.4_0.4:              -13727.53     0.00        0.9203 
1:outfile_0.4_0.4:              -13875.42     0.00        0.8040 
1:outfile_0.4_0.4:              -13819.10     0.00        0.6866 
1:outfile_0.4_0.4:              -13741.12     0.00        0.8603 
1:outfile_0.4_0.4:              -13739.62     0.00        0.8564 
1:outfile_0.4_0.4:              -13727.25     0.00        0.9239 
3:outfile_0.4_0.6:              -14497.33     0.00        0.5995 
1:outfile_0.4_0.4:              -13725.77     0.00        0.9197 
1:outfile_0.4_0.4:              -13727.05     0.00        0.9183 
1:outfile_0.4_0.4:              -13727.17     0.00        0.9234 
6:outfile_0.4_0.9:              -15712.92     0.00        0.8993 
1:outfile_0.4_0.4:              -13738.74     0.00        0.8612 
1:outfile_0.4_0.4:              -13726.77     0.00        0.9234 
1:outfile_0.4_0.4:              -13778.40     0.00        0.8190 
1:outfile_0.4_0.4:              -13754.91     0.00        0.8500 
1:outfile_0.4_0.4:              -13866.73     0.00        0.6452 
1:outfile_0.4_0.4:              -13727.14     0.00        0.9198 
1:outfile_0.4_0.4:              -13752.45     0.00        0.7468 
1:outfile_0.4_0.4:              -13727.05     0.00        0.9239 
1:outfile_0.4_0.4:              -13727.18     0.00        0.9205 
1:outfile_0.4_0.4:              -13741.41     0.00        0.9133 
1:outfile_0.4_0.4:              -13726.95     0.00        0.9191 
1:outfile_0.4_0.4:              -13726.96     0.00        0.9192 
2:outfile_0.4_0.5:              -13834.53     0.00        0.5595 
1:outfile_0.4_0.4:              -13727.53     0.00        0.9231 
1:outfile_0.4_0.4:              -13727.22     0.00        0.9232 
1:outfile_0.4_0.4:              -13739.37     0.00        0.9083 
6:outfile_0.4_0.9:              -16061.29     0.00        0.9836 
1:outfile_0.4_0.4:              -13723.62     0.00        0.9188 
1:outfile_0.4_0.4:              -13806.75     0.00        0.7548 
1:outfile_0.4_0.4:              -13726.84     0.00        0.9246 
1:outfile_0.4_0.4:              -13726.87     0.00        0.9233 
1:outfile_0.4_0.4:              -13725.20     0.00        0.9239 
1:outfile_0.4_0.4:              -13726.34     0.00        0.9205 
1:outfile_0.4_0.4:              -13727.07     0.00        0.9183 
1:outfile_0.4_0.4:              -13724.59     0.00        0.9225 
1:outfile_0.4_0.4:              -13740.86     0.00        0.9005 
1:outfile_0.4_0.4:              -13724.02     0.00        0.9227 
7:outfile_0.4_1.0:              -23575.02     0.00        1.0000 
1:outfile_0.4_0.4:              -13727.69     0.00        0.9174 
7:outfile_0.4_1.0:              -21187.54     0.00        1.0000 
1:outfile_0.4_0.4:              -13724.36     0.00        0.9204 
1:outfile_0.4_0.4:              -13725.72     0.00        0.9212 
1:outfile_0.4_0.4:              -13769.06     0.00        0.8512 
1:outfile_0.4_0.4:              -13726.91     0.00        0.9217 
1:outfile_0.4_0.4:              -13787.25     0.00        0.8582 
1:outfile_0.4_0.4:              -13727.00     0.00        0.9205 
1:outfile_0.4_0.4:              -13725.57     0.00        0.9205 
1:outfile_0.4_0.4:              -13726.91     0.00        0.9183 
5:outfile_0.4_0.8:              -15029.28     0.00        0.6949 
1:outfile_0.4_0.4:              -13760.22     0.00        0.8474 
1:outfile_0.4_0.4:              -13740.82     0.00        0.9033 
1:outfile_0.4_0.4:              -13832.36     0.00        0.6414 
1:outfile_0.4_0.4:              -13725.01     0.00        0.9177 
1:outfile_0.4_0.4:              -13739.92     0.00        0.9051 
1:outfile_0.4_0.4:              -13771.23     0.00        0.7885 
1:outfile_0.4_0.4:              -13805.90     0.00        0.7544 
1:outfile_0.4_0.4:              -13727.24     0.00        0.9226 
2:outfile_0.4_0.5:              -13973.32     0.00        0.7024 
1:outfile_0.4_0.4:              -13726.28     0.00        0.9220 
1:outfile_0.4_0.4:              -13726.82     0.00        0.9176 
1:outfile_0.4_0.4:              -13812.01     0.00        0.8508 
1:outfile_0.4_0.4:              -13726.44     0.00        0.9226 
1:outfile_0.4_0.4:              -13726.25     0.00        0.9219 
1:outfile_0.4_0.4:              -13726.06     0.00        0.9204 
1:outfile_0.4_0.4:              -13913.39     0.00        0.5658 
1:outfile_0.4_0.4:              -13724.97     0.00        0.9173 
1:outfile_0.4_0.4:              -13725.80     0.00        0.9218 
7:outfile_0.4_1.0:              -16891.45     0.00        0.9975 
1:outfile_0.4_0.4:              -13752.40     0.00        0.8650 
1:outfile_0.4_0.4:              -13759.72     0.00        0.8566 
1:outfile_0.4_0.4:              -13725.46     0.00        0.9197 
1:outfile_0.4_0.4:              -13726.50     0.00        0.9218 
1:outfile_0.4_0.4:              -13738.75     0.00        0.9127 
1:outfile_0.4_0.4:              -13738.78     0.00        0.8930 
1:outfile_0.4_0.4:              -13723.87     0.00        0.9197 
3:outfile_0.4_0.6:              -14064.36     0.00        0.8186 
1:outfile_0.4_0.4:              -13727.65     0.00        0.9225 
1:outfile_0.4_0.4:              -13773.86     0.00        0.7139 
1:outfile_0.4_0.4:              -13727.54     0.00        0.9227 
1:outfile_0.4_0.4:              -13727.24     0.00        0.9212 
1:outfile_0.4_0.4:              -13725.17     0.00        0.9226 
1:outfile_0.4_0.4:              -13736.52     0.00        0.8995 
1:outfile_0.4_0.4:              -13753.87     0.00        0.8188 
1:outfile_0.4_0.4:              -13726.35     0.00        0.9219 
1:outfile_0.4_0.4:              -13725.37     0.00        0.9182 
1:outfile_0.4_0.4:              -13726.38     0.00        0.9226 
1:outfile_0.4_0.4:              -13764.40     0.00        0.8151 
1:outfile_0.4_0.4:              -13726.29     0.00        0.9225 
2:outfile_0.5_0.5:              -13796.40     0.00        0.5533 
4:outfile_0.5_0.7:              -14279.99     0.00        0.5629 
3:outfile_0.5_0.6:              -14191.47     0.00        0.7015 
1:outfile_0.5_0.4:              -13786.07     0.00        0.7146 
1:outfile_0.5_0.4:              -13725.83     0.00        0.9192 
1:outfile_0.5_0.4:              -13741.02     0.00        0.8994 
1:outfile_0.5_0.4:              -13726.26     0.00        0.9212 
1:outfile_0.5_0.4:              -13727.03     0.00        0.9211 
1:outfile_0.5_0.4:              -13751.62     0.00        0.8572 
1:outfile_0.5_0.4:              -13757.70     0.00        0.8158 
6:outfile_0.5_0.9:              -16758.10     0.00        0.9967 
1:outfile_0.5_0.4:              -13725.46     0.00        0.9240 
1:outfile_0.5_0.4:              -13727.38     0.00        0.9167 
1:outfile_0.5_0.4:              -13726.62     0.00        0.9196 
2:outfile_0.5_0.5:              -14135.45     0.00        0.4373 
7:outfile_0.5_1.0:              -18271.84     0.00        1.0000 
1:outfile_0.5_0.4:              -13727.22     0.00        0.9216 
1:outfile_0.5_0.4:              -13727.68     0.00        0.9219 
1:outfile_0.5_0.4:              -13749.26     0.00        0.8616 
1:outfile_0.5_0.4:              -13740.16     0.00        0.8563 
1:outfile_0.5_0.4:              -13753.37     0.00        0.8092 
1:outfile_0.5_0.4:              -13726.72     0.00        0.9188 
1:outfile_0.5_0.4:              -13759.69     0.00        0.8156 
1:outfile_0.5_0.4:              -13882.77     0.00        0.7027 
7:outfile_0.5_1.0:              -25800.40     0.00        1.0000 
1:outfile_0.5_0.4:              -13767.84     0.00        0.7777 
1:outfile_0.5_0.4:              -13723.88     0.00        0.9196 
2:outfile_0.5_0.5:              -13837.22     0.00        0.5566 
5:outfile_0.5_0.8:              -14802.83     0.00        0.8732 
1:outfile_0.5_0.4:              -13726.94     0.00        0.9227 
1:outfile_0.5_0.4:              -13727.59     0.00        0.9226 
1:outfile_0.5_0.4:              -13762.94     0.00        0.7660 
1:outfile_0.5_0.4:              -13738.88     0.00        0.8540 
7:outfile_0.5_1.0:              -16788.99     0.00        0.9176 
1:outfile_0.5_0.4:              -13727.29     0.00        0.9175 
1:outfile_0.5_0.4:              -13727.32     0.00        0.9182 
2:outfile_0.5_0.5:              -13844.09     0.00        0.6055 
1:outfile_0.5_0.4:              -13740.85     0.00        0.8913 
1:outfile_0.5_0.4:              -13750.62     0.00        0.8554 
1:outfile_0.5_0.4:              -13783.98     0.00        0.7433 
1:outfile_0.5_0.4:              -13727.57     0.00        0.9213 
3:outfile_0.5_0.6:              -13994.19     0.00        0.5077 
1:outfile_0.5_0.4:              -13727.01     0.00        0.9210 
1:outfile_0.5_0.4:              -13773.99     0.00        0.7558 
1:outfile_0.5_0.4:              -13738.83     0.00        0.8921 
1:outfile_0.5_0.4:              -13753.97     0.00        0.8365 
1:outfile_0.5_0.4:              -13725.04     0.00        0.9239 
1:outfile_0.5_0.4:              -13739.32     0.00        0.8576 
1:outfile_0.5_0.4:              -13740.83     0.00        0.9093 
3:outfile_0.5_0.6:              -14236.82     0.00        0.4272 
1:outfile_0.5_0.4:              -13776.35     0.00        0.6901 
5:outfile_0.5_0.8:              -14514.87     0.00        0.6410 
1:outfile_0.5_0.4:              -13816.78     0.00        0.5247 
6:outfile_0.5_0.9:              -15065.36     0.00        0.9643 
1:outfile_0.5_0.4:              -13727.45     0.00        0.9218 
1:outfile_0.5_0.4:              -13720.55     0.00        0.9239 
1:outfile_0.5_0.4:              -13826.10     0.00        0.6495 
1:outfile_0.5_0.4:              -13724.54     0.00        0.9226 
1:outfile_0.5_0.4:              -13740.62     0.00        0.8985 
1:outfile_0.5_0.4:              -13769.25     0.00        0.8712 
1:outfile_0.5_0.4:              -13752.78     0.00        0.7621 
1:outfile_0.5_0.4:              -13735.49     0.00        0.8579 
1:outfile_0.5_0.4:              -13754.13     0.00        0.8499 
1:outfile_0.5_0.4:              -13726.88     0.00        0.9206 
1:outfile_0.5_0.4:              -13869.43     0.00        0.7327 
5:outfile_0.5_0.8:              -15418.04     0.00        0.8484 
6:outfile_0.5_0.9:              -14815.32     0.00        0.8531 
1:outfile_0.5_0.4:              -13741.11     0.00        0.9094 
2:outfile_0.5_0.5:              -13778.57     0.00        0.5522 
6:outfile_0.5_0.9:              -15339.83     0.00        0.9719 
4:outfile_0.5_0.7:              -14837.35     0.00        0.7373 
1:outfile_0.5_0.4:              -13759.15     0.00        0.8608 
1:outfile_0.5_0.4:              -13722.72     0.00        0.9196 
1:outfile_0.5_0.4:              -13727.17     0.00        0.9204 
1:outfile_0.5_0.4:              -13723.93     0.00        0.9205 
1:outfile_0.5_0.4:              -13753.61     0.00        0.8511 
1:outfile_0.5_0.4:              -13748.20     0.00        0.8041 
1:outfile_0.5_0.4:              -13727.10     0.00        0.9219 
1:outfile_0.5_0.4:              -13727.72     0.00        0.9218 
1:outfile_0.5_0.4:              -13760.28     0.00        0.8162 
1:outfile_0.5_0.4:              -13727.18     0.00        0.9212 
2:outfile_0.5_0.5:              -14068.83     0.00        0.6673 
1:outfile_0.5_0.4:              -13836.83     0.00        0.7053 
1:outfile_0.5_0.4:              -13770.02     0.00        0.8244 
2:outfile_0.5_0.5:              -13898.95     0.00        0.5298 
2:outfile_0.5_0.5:              -13813.19     0.00        0.7292 
4:outfile_0.5_0.7:              -14261.31     0.00        0.7813 
2:outfile_0.5_0.5:              -13847.95     0.00        0.5117 
5:outfile_0.5_0.8:              -16163.00     0.00        0.7996 
1:outfile_0.5_0.4:              -13740.20     0.00        0.9032 
3:outfile_0.5_0.6:              -14298.18     0.00        0.6462 
1:outfile_0.5_0.4:              -13846.85     0.00        0.5952 
4:outfile_0.5_0.7:              -14231.93     0.00        0.6822 
1:outfile_0.5_0.4:              -13726.39     0.00        0.9260 
3:outfile_0.5_0.6:              -14012.64     0.00        0.4279 
1:outfile_0.5_0.4:              -13727.40     0.00        0.9183 
1:outfile_0.5_0.4:              -13740.51     0.00        0.8968 
4:outfile_0.5_0.7:              -14534.58     0.00        0.7555 
1:outfile_0.5_0.4:              -13727.47     0.00        0.9197 
3:outfile_0.5_0.6:              -14181.67     0.00        0.5104 
5:outfile_0.6_0.8:              -14880.82     0.00        0.9103 
1:outfile_0.6_0.4:              -13754.04     0.00        0.7502 
1:outfile_0.6_0.4:              -13755.34     0.00        0.8664 
2:outfile_0.6_0.5:              -13791.09     0.00        0.4853 
1:outfile_0.6_0.4:              -13830.33     0.00        0.8313 
2:outfile_0.6_0.5:              -13990.41     0.00        0.5463 
1:outfile_0.6_0.4:              -13793.92     0.00        0.6264 
3:outfile_0.6_0.6:              -13976.21     0.00        0.7710 
5:outfile_0.6_0.8:              -15423.16     0.00        0.6949 
1:outfile_0.6_0.4:              -13758.82     0.00        0.8147 
6:outfile_0.6_0.9:              -15226.50     0.00        0.9795 
2:outfile_0.6_0.5:              -13805.70     0.00        0.5934 
1:outfile_0.6_0.4:              -13779.75     0.00        0.6222 
6:outfile_0.6_0.9:              -15103.66     0.00        0.9031 
1:outfile_0.6_0.4:              -13785.60     0.00        0.7148 
7:outfile_0.6_1.0:              -16119.70     0.00        0.5622 
1:outfile_0.6_0.4:              -13771.42     0.00        0.8311 
1:outfile_0.6_0.4:              -13764.29     0.00        0.7512 
6:outfile_0.6_0.9:              -15260.64     0.00        0.9679 
3:outfile_0.6_0.6:              -13994.85     0.00        0.7854 
1:outfile_0.6_0.4:              -13903.09     0.00        0.4321 
1:outfile_0.6_0.4:              -13817.19     0.00        0.5181 
1:outfile_0.6_0.4:              -13753.65     0.00        0.8595 
3:outfile_0.6_0.6:              -14083.60     0.00        0.6330 
1:outfile_0.6_0.4:              -13762.44     0.00        0.7881 
2:outfile_0.6_0.5:              -13864.00     0.00        0.5683 
5:outfile_0.6_0.8:              -14830.20     0.00        0.5454 
1:outfile_0.6_0.4:              -13779.49     0.00        0.8112 
1:outfile_0.6_0.4:              -13739.81     0.00        0.8526 
1:outfile_0.6_0.4:              -13791.68     0.00        0.5548 
2:outfile_0.6_0.5:              -13947.80     0.00        0.4884 
2:outfile_0.6_0.5:              -13884.89     0.00        0.5566 
3:outfile_0.6_0.6:              -14051.57     0.00        0.8204 
1:outfile_0.6_0.4:              -14137.63     0.00        0.4482 
2:outfile_0.6_0.5:              -13904.35     0.00        0.6874 
4:outfile_0.6_0.7:              -14136.22     0.00        0.5935 
6:outfile_0.6_0.9:              -16179.49     0.00        0.7756 
2:outfile_0.6_0.5:              -13944.00     0.00        0.5761 
1:outfile_0.6_0.4:              -13832.04     0.00        0.7476 
1:outfile_0.6_0.4:              -13754.24     0.00        0.8433 
1:outfile_0.6_0.4:              -13757.33     0.00        0.8588 
2:outfile_0.6_0.5:              -13994.46     0.00        0.4400 
1:outfile_0.6_0.4:              -13768.56     0.00        0.8501 
2:outfile_0.6_0.5:              -13840.68     0.00        0.5206 
2:outfile_0.6_0.5:              -13974.90     0.00        0.5852 
2:outfile_0.6_0.5:              -13871.45     0.00        0.7156 
1:outfile_0.6_0.4:              -13877.56     0.00        0.5400 
2:outfile_0.6_0.5:              -14078.25     0.00        0.5297 
1:outfile_0.6_0.4:              -13776.30     0.00        0.6807 
5:outfile_0.6_0.8:              -15369.07     0.00        0.7319 
4:outfile_0.6_0.7:              -15028.13     0.00        0.6853 
1:outfile_0.6_0.4:              -13755.08     0.00        0.8068 
7:outfile_0.6_1.0:              -36252.00     0.00        1.0000 
2:outfile_0.6_0.5:              -13887.99     0.00        0.5049 
1:outfile_0.6_0.4:              -13778.20     0.00        0.6278 
3:outfile_0.6_0.6:              -14081.72     0.00        0.7484 
1:outfile_0.6_0.4:              -13749.39     0.00        0.8579 
6:outfile_0.6_0.9:              -14993.82     0.00        0.8796 
1:outfile_0.6_0.4:              -13896.86     0.00        0.5156 
1:outfile_0.6_0.4:              -13784.73     0.00        0.7788 
4:outfile_0.6_0.7:              -14388.00     0.00        0.7687 
1:outfile_0.6_0.4:              -13751.85     0.00        0.8596 
3:outfile_0.6_0.6:              -14256.47     0.00        0.7044 
1:outfile_0.6_0.4:              -13741.73     0.00        0.8922 
2:outfile_0.6_0.5:              -13998.46     0.00        0.5151 
2:outfile_0.6_0.5:              -13892.63     0.00        0.6690 
1:outfile_0.6_0.4:              -13778.38     0.00        0.8437 
1:outfile_0.6_0.4:              -13751.23     0.00        0.8668 
1:outfile_0.6_0.4:              -13739.23     0.00        0.8600 
1:outfile_0.6_0.4:              -13740.06     0.00        0.8933 
1:outfile_0.6_0.4:              -13753.35     0.00        0.7451 
5:outfile_0.6_0.8:              -14877.20     0.00        0.6769 
1:outfile_0.6_0.4:              -13948.44     0.00        0.4676 
1:outfile_0.6_0.4:              -13793.74     0.00        0.6518 
3:outfile_0.6_0.6:              -14349.03     0.00        0.5943 
1:outfile_0.6_0.4:              -13741.94     0.00        0.9058 
1:outfile_0.6_0.4:              -13854.80     0.00        0.5789 
1:outfile_0.6_0.4:              -13817.17     0.00        0.6609 
1:outfile_0.6_0.4:              -13741.69     0.00        0.8995 
2:outfile_0.6_0.5:              -13897.64     0.00        0.5499 
4:outfile_0.6_0.7:              -14276.71     0.00        0.4994 
6:outfile_0.6_0.9:              -16590.60     0.00        0.9233 
1:outfile_0.6_0.4:              -13725.72     0.00        0.9175 
1:outfile_0.6_0.4:              -13741.57     0.00        0.8966 
3:outfile_0.6_0.6:              -13910.08     0.00        0.5081 
1:outfile_0.6_0.4:              -13789.22     0.00        0.6041 
3:outfile_0.6_0.6:              -14153.90     0.00        0.5021 
2:outfile_0.6_0.5:              -13884.70     0.00        0.4957 
3:outfile_0.6_0.6:              -14251.71     0.00        0.6053 
6:outfile_0.6_0.9:              -15008.96     0.00        0.9915 
2:outfile_0.6_0.5:              -13882.68     0.00        0.5571 
5:outfile_0.6_0.8:              -15023.95     0.00        0.7868 
2:outfile_0.6_0.5:              -13934.30     0.00        0.5168 
1:outfile_0.6_0.4:              -13761.97     0.00        0.7774 
4:outfile_0.6_0.7:              -14608.24     0.00        0.4811 
1:outfile_0.6_0.4:              -13809.47     0.00        0.6031 
1:outfile_0.6_0.4:              -13765.05     0.00        0.8159 
3:outfile_0.6_0.6:              -13933.67     0.00        0.6709 
1:outfile_0.6_0.4:              -13722.61     0.00        0.9233 
3:outfile_0.6_0.6:              -14293.35     0.00        0.4528 
3:outfile_0.7_0.6:              -14291.11     0.00        0.5039 
2:outfile_0.7_0.5:              -13862.52     0.00        0.6219 
3:outfile_0.7_0.6:              -14034.06     0.00        0.6120 
1:outfile_0.7_0.4:              -13787.87     0.00        0.6216 
3:outfile_0.7_0.6:              -13984.24     0.00        0.7138 
3:outfile_0.7_0.6:              -13913.00     0.00        0.4746 
2:outfile_0.7_0.5:              -13899.10     0.00        0.5755 
2:outfile_0.7_0.5:              -13876.16     0.00        0.6184 
4:outfile_0.7_0.7:              -14788.63     0.00        0.7557 
3:outfile_0.7_0.6:              -14130.73     0.00        0.6023 
7:outfile_0.7_1.0:              -15857.96     0.00        0.9072 
3:outfile_0.7_0.6:              -13924.34     0.00        0.5807 
2:outfile_0.7_0.5:              -13824.91     0.00        0.7207 
5:outfile_0.7_0.8:              -14585.19     0.00        0.6145 
2:outfile_0.7_0.5:              -13845.02     0.00        0.5982 
3:outfile_0.7_0.6:              -14001.15     0.00        0.6590 
3:outfile_0.7_0.6:              -14163.16     0.00        0.5674 
2:outfile_0.7_0.5:              -13939.58     0.00        0.6347 
2:outfile_0.7_0.5:              -13819.23     0.00        0.6126 
6:outfile_0.7_0.9:              -17030.97     0.00        0.9910 
1:outfile_0.7_0.4:              -13778.78     0.00        0.5996 
2:outfile_0.7_0.5:              -13914.49     0.00        0.6320 
2:outfile_0.7_0.5:              -13817.40     0.00        0.7281 
3:outfile_0.7_0.6:              -14047.80     0.00        0.8395 
7:outfile_0.7_1.0:              -31785.28     0.00        1.0000 
7:outfile_0.7_1.0:              -20121.04     0.00        0.9995 
2:outfile_0.7_0.5:              -13904.31     0.00        0.4770 
4:outfile_0.7_0.7:              -14312.34     0.00        0.6891 
5:outfile_0.7_0.8:              -15191.51     0.00        0.8884 
3:outfile_0.7_0.6:              -13982.56     0.00        0.6013 
2:outfile_0.7_0.5:              -13827.32     0.00        0.7397 
7:outfile_0.7_1.0:              -22014.34     0.00        1.0000 
2:outfile_0.7_0.5:              -13967.02     0.00        0.5498 
2:outfile_0.7_0.5:              -13853.31     0.00        0.6824 
2:outfile_0.7_0.5:              -13804.21     0.00        0.5711 
2:outfile_0.7_0.5:              -13986.05     0.00        0.5067 
3:outfile_0.7_0.6:              -14282.11     0.00        0.6264 
5:outfile_0.7_0.8:              -14466.90     0.00        0.9052 
4:outfile_0.7_0.7:              -14528.30     0.00        0.7171 
3:outfile_0.7_0.6:              -13962.72     0.00        0.7876 
5:outfile_0.7_0.8:              -14485.65     0.00        0.9062 
2:outfile_0.7_0.5:              -13879.73     0.00        0.5481 
4:outfile_0.7_0.7:              -14259.71     0.00        0.7597 
5:outfile_0.7_0.8:              -14508.85     0.00        0.8265 
3:outfile_0.7_0.6:              -14032.76     0.00        0.7570 
7:outfile_0.7_1.0:              -23050.67     0.00        1.0000 
1:outfile_0.7_0.4:              -13884.55     0.00        0.5344 
3:outfile_0.7_0.6:              -13937.96     0.00        0.6872 
3:outfile_0.7_0.6:              -14199.84     0.00        0.4827 
2:outfile_0.7_0.5:              -13961.65     0.00        0.5939 
1:outfile_0.7_0.4:              -13795.07     0.00        0.5861 
2:outfile_0.7_0.5:              -13966.96     0.00        0.6059 
1:outfile_0.7_0.4:              -13795.03     0.00        0.4871 
4:outfile_0.7_0.7:              -14341.26     0.00        0.5436 
2:outfile_0.7_0.5:              -13887.69     0.00        0.5644 
6:outfile_0.7_0.9:              -16183.32     0.00        0.9935 
3:outfile_0.7_0.6:              -13990.87     0.00        0.6498 
3:outfile_0.7_0.6:              -14009.48     0.00        0.5479 
2:outfile_0.7_0.5:              -13979.96     0.00        0.4810 
4:outfile_0.7_0.7:              -14256.40     0.00        0.6448 
2:outfile_0.7_0.5:              -13885.42     0.00        0.6320 
5:outfile_0.7_0.8:              -14465.11     0.00        0.7454 
2:outfile_0.7_0.5:              -13888.34     0.00        0.5493 
7:outfile_0.7_1.0:              -20917.58     0.00        1.0000 
3:outfile_0.7_0.6:              -13939.46     0.00        0.5929 
3:outfile_0.7_0.6:              -13977.35     0.00        0.7742 
2:outfile_0.7_0.5:              -13963.67     0.00        0.4644 
4:outfile_0.7_0.7:              -14295.25     0.00        0.7142 
3:outfile_0.7_0.6:              -14097.06     0.00        0.6802 
2:outfile_0.7_0.5:              -13976.97     0.00        0.5415 
4:outfile_0.7_0.7:              -14322.66     0.00        0.6337 
2:outfile_0.7_0.5:              -13847.96     0.00        0.5186 
2:outfile_0.7_0.5:              -13829.74     0.00        0.6288 
2:outfile_0.7_0.5:              -13862.46     0.00        0.6125 
5:outfile_0.7_0.8:              -14953.41     0.00        0.5066 
3:outfile_0.7_0.6:              -14086.57     0.00        0.6648 
4:outfile_0.7_0.7:              -14132.56     0.00        0.5067 
3:outfile_0.7_0.6:              -13975.22     0.00        0.5649 
4:outfile_0.7_0.7:              -14210.30     0.00        0.6813 
2:outfile_0.7_0.5:              -13924.68     0.00        0.6051 
1:outfile_0.7_0.4:              -13787.27     0.00        0.6343 
2:outfile_0.7_0.5:              -13965.85     0.00        0.4744 
7:outfile_0.7_1.0:              -19322.92     0.00        0.7027 
3:outfile_0.7_0.6:              -14046.51     0.00        0.4962 
2:outfile_0.7_0.5:              -13818.15     0.00        0.5989 
2:outfile_0.7_0.5:              -13894.56     0.00        0.5437 
3:outfile_0.7_0.6:              -14069.65     0.00        0.5188 
4:outfile_0.7_0.7:              -14342.77     0.00        0.7192 
3:outfile_0.7_0.6:              -14015.85     0.00        0.6636 
3:outfile_0.7_0.6:              -13992.37     0.00        0.4945 
4:outfile_0.7_0.7:              -15098.60     0.00        0.7090 
4:outfile_0.7_0.7:              -14169.25     0.00        0.5740 
3:outfile_0.7_0.6:              -13916.09     0.00        0.5489 
3:outfile_0.7_0.6:              -14068.41     0.00        0.5898 
5:outfile_0.7_0.8:              -14901.13     0.00        0.7202 
2:outfile_0.7_0.5:              -13860.22     0.00        0.6779 
3:outfile_0.7_0.6:              -14065.13     0.00        0.6537 
3:outfile_0.7_0.6:              -13949.58     0.00        0.8479 
7:outfile_0.7_1.0:              -34678.73     0.00        1.0000 
2:outfile_0.7_0.5:              -13983.63     0.00        0.5011 
4:outfile_0.8_0.7:              -14450.99     0.00        0.6479 
3:outfile_0.8_0.6:              -14022.72     0.00        0.6826 
7:outfile_0.8_1.0:              -28706.34     0.00        1.0000 
3:outfile_0.8_0.6:              -14111.81     0.00        0.5586 
5:outfile_0.8_0.8:              -14963.51     0.00        0.7745 
3:outfile_0.8_0.6:              -13962.36     0.00        0.6897 
3:outfile_0.8_0.6:              -14034.58     0.00        0.6768 
5:outfile_0.8_0.8:              -15208.06     0.00        0.9215 
5:outfile_0.8_0.8:              -14641.03     0.00        0.8654 
5:outfile_0.8_0.8:              -14588.08     0.00        0.8986 
2:outfile_0.8_0.5:              -13950.34     0.00        0.4951 
3:outfile_0.8_0.6:              -14098.68     0.00        0.6059 
3:outfile_0.8_0.6:              -14170.13     0.00        0.5540 
3:outfile_0.8_0.6:              -14027.79     0.00        0.6872 
4:outfile_0.8_0.7:              -14302.92     0.00        0.5902 
5:outfile_0.8_0.8:              -15499.64     0.00        0.8533 
7:outfile_0.8_1.0:              -15735.19     0.00        0.7807 
5:outfile_0.8_0.8:              -14922.12     0.00        0.9159 
7:outfile_0.8_1.0:              -34338.71     0.00        1.0000 
4:outfile_0.8_0.7:              -14186.74     0.00        0.5079 
7:outfile_0.8_1.0:              -25352.95     0.00        1.0000 
3:outfile_0.8_0.6:              -13920.72     0.00        0.7381 
3:outfile_0.8_0.6:              -14273.50     0.00        0.4801 
2:outfile_0.8_0.5:              -13900.12     0.00        0.5988 
5:outfile_0.8_0.8:              -14995.60     0.00        0.9002 
4:outfile_0.8_0.7:              -14213.73     0.00        0.5744 
3:outfile_0.8_0.6:              -14053.28     0.00        0.5812 
6:outfile_0.8_0.9:              -15379.73     0.00        0.9556 
4:outfile_0.8_0.7:              -14321.50     0.00        0.7685 
5:outfile_0.8_0.8:              -14747.66     0.00        0.8083 
2:outfile_0.8_0.5:              -13855.20     0.00        0.6628 
4:outfile_0.8_0.7:              -14448.16     0.00        0.7861 
4:outfile_0.8_0.7:              -14598.74     0.00        0.8697 
2:outfile_0.8_0.5:              -13822.83     0.00        0.6998 
5:outfile_0.8_0.8:              -15652.71     0.00        0.5691 
4:outfile_0.8_0.7:              -14301.89     0.00        0.7715 
7:outfile_0.8_1.0:              -20508.85     0.00        1.0000 
3:outfile_0.8_0.6:              -14221.21     0.00        0.6519 
4:outfile_0.8_0.7:              -14667.37     0.00        0.8155 
4:outfile_0.8_0.7:              -14469.53     0.00        0.7476 
7:outfile_0.8_1.0:              -16308.79     0.00        0.7369 
5:outfile_0.8_0.8:              -15364.53     0.00        0.9148 
4:outfile_0.8_0.7:              -14354.21     0.00        0.7981 
4:outfile_0.8_0.7:              -14303.61     0.00        0.4933 
3:outfile_0.8_0.6:              -13998.57     0.00        0.6092 
4:outfile_0.8_0.7:              -14404.71     0.00        0.7852 
5:outfile_0.8_0.8:              -15085.42     0.00        0.8623 
3:outfile_0.8_0.6:              -14024.90     0.00        0.6036 
5:outfile_0.8_0.8:              -14596.09     0.00        0.5437 
3:outfile_0.8_0.6:              -14037.19     0.00        0.7696 
3:outfile_0.8_0.6:              -13973.15     0.00        0.5555 
4:outfile_0.8_0.7:              -14446.14     0.00        0.5028 
7:outfile_0.8_1.0:              -19135.40     0.00        0.9999 
4:outfile_0.8_0.7:              -14339.57     0.00        0.8036 
2:outfile_0.8_0.5:              -13919.95     0.00        0.5517 
4:outfile_0.8_0.7:              -14535.61     0.00        0.7104 
3:outfile_0.8_0.6:              -14046.05     0.00        0.6402 
3:outfile_0.8_0.6:              -14148.36     0.00        0.6139 
3:outfile_0.8_0.6:              -13946.02     0.00        0.7389 
5:outfile_0.8_0.8:              -15042.33     0.00        0.5665 
5:outfile_0.8_0.8:              -14605.60     0.00        0.5973 
3:outfile_0.8_0.6:              -14092.87     0.00        0.7560 
5:outfile_0.8_0.8:              -14681.28     0.00        0.9071 
7:outfile_0.8_1.0:              -20732.10     0.00        1.0000 
3:outfile_0.8_0.6:              -14150.13     0.00        0.6442 
2:outfile_0.8_0.5:              -13835.60     0.00        0.6066 
5:outfile_0.8_0.8:              -14567.11     0.00        0.9023 
5:outfile_0.8_0.8:              -14889.89     0.00        0.9128 
4:outfile_0.8_0.7:              -14254.90     0.00        0.6039 
3:outfile_0.8_0.6:              -13907.23     0.00        0.5449 
3:outfile_0.8_0.6:              -14007.91     0.00        0.8391 
6:outfile_0.8_0.9:              -15080.91     0.00        0.7186 
5:outfile_0.8_0.8:              -14935.27     0.00        0.6446 
3:outfile_0.8_0.6:              -14170.68     0.00        0.6036 
5:outfile_0.8_0.8:              -14586.47     0.00        0.8205 
4:outfile_0.8_0.7:              -14311.31     0.00        0.7890 
4:outfile_0.8_0.7:              -14395.54     0.00        0.7968 
4:outfile_0.8_0.7:              -14370.65     0.00        0.7927 
6:outfile_0.8_0.9:              -16157.59     0.00        0.9460 
3:outfile_0.8_0.6:              -14101.72     0.00        0.6824 
3:outfile_0.8_0.6:              -14038.00     0.00        0.7482 
3:outfile_0.8_0.6:              -14025.40     0.00        0.6333 
7:outfile_0.8_1.0:              -17290.55     0.00        0.9997 
5:outfile_0.8_0.8:              -14646.02     0.00        0.5223 
3:outfile_0.8_0.6:              -14117.35     0.00        0.6638 
3:outfile_0.8_0.6:              -13993.57     0.00        0.5672 
6:outfile_0.8_0.9:              -15241.03     0.00        0.9578 
3:outfile_0.8_0.6:              -14157.33     0.00        0.5620 
4:outfile_0.8_0.7:              -14295.09     0.00        0.7020 
4:outfile_0.8_0.7:              -14313.16     0.00        0.5959 
3:outfile_0.8_0.6:              -13950.90     0.00        0.5857 
6:outfile_0.8_0.9:              -15674.29     0.00        0.9714 
4:outfile_0.8_0.7:              -14651.15     0.00        0.7711 
5:outfile_0.8_0.8:              -14896.87     0.00        0.6093 
4:outfile_0.8_0.7:              -14315.56     0.00        0.7356 
4:outfile_0.8_0.7:              -14803.38     0.00        0.7367 
5:outfile_0.8_0.8:              -15350.28     0.00        0.8182 
6:outfile_0.8_0.9:              -16450.92     0.00        0.9247 
5:outfile_0.8_0.8:              -15176.85     0.00        0.6904 
5:outfile_0.8_0.8:              -15484.07     0.00        0.8350 
6:outfile_0.9_0.9:              -16015.71     0.00        0.5769 
5:outfile_0.9_0.8:              -15834.69     0.00        0.7655 
5:outfile_0.9_0.8:              -15131.73     0.00        0.6485 
5:outfile_0.9_0.8:              -14920.80     0.00        0.9128 
6:outfile_0.9_0.9:              -15405.15     0.00        0.9536 
3:outfile_0.9_0.6:              -14087.29     0.00        0.6282 
6:outfile_0.9_0.9:              -15457.80     0.00        0.8358 
5:outfile_0.9_0.8:              -14714.68     0.00        0.6666 
4:outfile_0.9_0.7:              -14811.43     0.00        0.7290 
6:outfile_0.9_0.9:              -16188.90     0.00        0.9590 
4:outfile_0.9_0.7:              -14595.34     0.00        0.8047 
5:outfile_0.9_0.8:              -14894.72     0.00        0.8884 
5:outfile_0.9_0.8:              -15086.68     0.00        0.9131 
4:outfile_0.9_0.7:              -14755.73     0.00        0.5782 
5:outfile_0.9_0.8:              -15285.80     0.00        0.7928 
4:outfile_0.9_0.7:              -14507.15     0.00        0.6773 
5:outfile_0.9_0.8:              -15044.75     0.00        0.5390 
7:outfile_0.9_1.0:              -16459.19     0.00        0.9987 
6:outfile_0.9_0.9:              -15804.75     0.00        0.8516 
5:outfile_0.9_0.8:              -14924.38     0.00        0.9061 
4:outfile_0.9_0.7:              -14593.33     0.00        0.7776 
4:outfile_0.9_0.7:              -14304.69     0.00        0.8134 
6:outfile_0.9_0.9:              -15337.65     0.00        0.7814 
6:outfile_0.9_0.9:              -15893.81     0.00        0.9600 
5:outfile_0.9_0.8:              -14823.79     0.00        0.8677 
6:outfile_0.9_0.9:              -16110.13     0.00        0.5399 
6:outfile_0.9_0.9:              -15161.50     0.00        0.9717 
4:outfile_0.9_0.7:              -14517.16     0.00        0.7780 
5:outfile_0.9_0.8:              -15428.90     0.00        0.5811 
4:outfile_0.9_0.7:              -14403.13     0.00        0.8159 
5:outfile_0.9_0.8:              -15164.36     0.00        0.8573 
5:outfile_0.9_0.8:              -14526.35     0.00        0.5983 
6:outfile_0.9_0.9:              -16148.81     0.00        0.8892 
5:outfile_0.9_0.8:              -14789.15     0.00        0.5377 
4:outfile_0.9_0.7:              -14611.17     0.00        0.6591 
5:outfile_0.9_0.8:              -14619.49     0.00        0.5644 
4:outfile_0.9_0.7:              -14458.66     0.00        0.6954 
5:outfile_0.9_0.8:              -14636.85     0.00        0.8858 
6:outfile_0.9_0.9:              -15014.54     0.00        0.5642 
6:outfile_0.9_0.9:              -15715.21     0.00        0.6747 
4:outfile_0.9_0.7:              -14326.35     0.00        0.8005 
4:outfile_0.9_0.7:              -14423.83     0.00        0.7535 
6:outfile_0.9_0.9:              -17701.87     0.00        0.5866 
5:outfile_0.9_0.8:              -14868.41     0.00        0.8432 
4:outfile_0.9_0.7:              -14197.15     0.00        0.6089 
4:outfile_0.9_0.7:              -14678.72     0.00        0.7736 
7:outfile_0.9_1.0:              -19898.53     0.00        1.0000 
6:outfile_0.9_0.9:              -16263.55     0.00        0.9631 
7:outfile_0.9_1.0:              -17333.25     0.00        1.0000 
6:outfile_0.9_0.9:              -15264.17     0.00        0.9691 
5:outfile_0.9_0.8:              -14696.53     0.00        0.7709 
5:outfile_0.9_0.8:              -15128.82     0.00        0.7147 
5:outfile_0.9_0.8:              -14871.12     0.00        0.8899 
5:outfile_0.9_0.8:              -15071.18     0.00        0.5759 
6:outfile_0.9_0.9:              -15733.36     0.00        0.9445 
5:outfile_0.9_0.8:              -14753.88     0.00        0.5733 
5:outfile_0.9_0.8:              -14677.75     0.00        0.5532 
4:outfile_0.9_0.7:              -14413.02     0.00        0.8040 
4:outfile_0.9_0.7:              -14504.31     0.00        0.7426 
4:outfile_0.9_0.7:              -14753.92     0.00        0.7158 
4:outfile_0.9_0.7:              -14508.89     0.00        0.7493 
6:outfile_0.9_0.9:              -15225.96     0.00        0.9230 
5:outfile_0.9_0.8:              -14933.50     0.00        0.8874 
7:outfile_0.9_1.0:              -18194.21     0.00        0.9938 
3:outfile_0.9_0.6:              -13993.50     0.00        0.6678 
6:outfile_0.9_0.9:              -15334.60     0.00        0.7998 
4:outfile_0.9_0.7:              -14425.78     0.00        0.7709 
4:outfile_0.9_0.7:              -14854.96     0.00        0.5554 
7:outfile_0.9_1.0:              -22311.79     0.00        1.0000 
5:outfile_0.9_0.8:              -14611.66     0.00        0.8379 
3:outfile_0.9_0.6:              -14091.82     0.00        0.6879 
5:outfile_0.9_0.8:              -15558.09     0.00        0.5270 
5:outfile_0.9_0.8:              -15357.67     0.00        0.8030 
5:outfile_0.9_0.8:              -15119.31     0.00        0.8930 
4:outfile_0.9_0.7:              -14486.89     0.00        0.8179 
6:outfile_0.9_0.9:              -15395.60     0.00        0.9658 
4:outfile_0.9_0.7:              -14583.99     0.00        0.7834 
5:outfile_0.9_0.8:              -14671.68     0.00        0.7512 
6:outfile_0.9_0.9:              -15531.01     0.00        0.9555 
5:outfile_0.9_0.8:              -14725.41     0.00        0.9022 
5:outfile_0.9_0.8:              -14478.96     0.00        0.7239 
5:outfile_0.9_0.8:              -14723.63     0.00        0.9051 
5:outfile_0.9_0.8:              -15031.42     0.00        0.8884 
5:outfile_0.9_0.8:              -15172.22     0.00        0.9198 
4:outfile_0.9_0.7:              -14332.75     0.00        0.6422 
7:outfile_0.9_1.0:              -16813.29     0.00        1.0000 
5:outfile_0.9_0.8:              -14660.25     0.00        0.9017 
6:outfile_0.9_0.9:              -17343.01     0.00        0.5300 
5:outfile_0.9_0.8:              -15134.25     0.00        0.7897 
4:outfile_0.9_0.7:              -14653.76     0.00        0.6381 
4:outfile_0.9_0.7:              -14659.03     0.00        0.6949 
4:outfile_0.9_0.7:              -14761.48     0.00        0.6011 
5:outfile_0.9_0.8:              -14844.51     0.00        0.7359 
5:outfile_0.9_0.8:              -15382.22     0.00        0.8943 
5:outfile_0.9_0.8:              -15022.47     0.00        0.8905 
5:outfile_0.9_0.8:              -15477.04     0.00        0.8891 
4:outfile_0.9_0.7:              -14593.90     0.00        0.6340 
4:outfile_0.9_0.7:              -14290.23     0.00        0.5418 
6:outfile_0.9_0.9:              -15656.25     0.00        0.9319 
7:outfile_0.9_1.0:              -19853.63     0.00        0.9995 
5:outfile_1.0_0.8:              -15145.89     0.00        0.9058 
6:outfile_1.0_0.9:              -15870.53     0.00        0.8736 
6:outfile_1.0_0.9:              -15998.22     0.00        0.9640 
5:outfile_1.0_0.8:              -15957.44     0.00        0.5664 
5:outfile_1.0_0.8:              -15466.53     0.00        0.6075 
6:outfile_1.0_0.9:              -15482.24     0.00        0.5715 
6:outfile_1.0_0.9:              -15950.13     0.00        0.9609 
6:outfile_1.0_0.9:              -15846.62     0.00        0.7695 
6:outfile_1.0_0.9:              -15028.87     0.00        0.7639 
7:outfile_1.0_1.0:              -17310.23     0.00        0.9998 
5:outfile_1.0_0.8:              -15689.81     0.00        0.8256 
6:outfile_1.0_0.9:              -15442.25     0.00        0.7144 
6:outfile_1.0_0.9:              -15701.99     0.00        0.9624 
6:outfile_1.0_0.9:              -16580.93     0.00        0.9557 
5:outfile_1.0_0.8:              -15444.93     0.00        0.6072 
5:outfile_1.0_0.8:              -15320.80     0.00        0.8692 
6:outfile_1.0_0.9:              -15852.85     0.00        0.9380 
5:outfile_1.0_0.8:              -15307.68     0.00        0.9181 
6:outfile_1.0_0.9:              -15374.93     0.00        0.6054 
7:outfile_1.0_1.0:              -16059.47     0.00        0.9020 
6:outfile_1.0_0.9:              -15592.97     0.00        0.9468 
5:outfile_1.0_0.8:              -15399.24     0.00        0.7644 
5:outfile_1.0_0.8:              -15200.20     0.00        0.8725 
6:outfile_1.0_0.9:              -15294.29     0.00        0.9604 
7:outfile_1.0_1.0:              -16170.97     0.00        0.9713 
6:outfile_1.0_0.9:              -15591.28     0.00        0.5885 
5:outfile_1.0_0.8:              -14713.80     0.00        0.7355 
7:outfile_1.0_1.0:              -17499.19     0.00        1.0000 
5:outfile_1.0_0.8:              -15197.75     0.00        0.7525 
4:outfile_1.0_0.7:              -14809.51     0.00        0.6763 
6:outfile_1.0_0.9:              -15580.76     0.00        0.9528 
5:outfile_1.0_0.8:              -15425.32     0.00        0.8790 
5:outfile_1.0_0.8:              -15683.79     0.00        0.8072 
6:outfile_1.0_0.9:              -15804.66     0.00        0.7647 
7:outfile_1.0_1.0:              -17420.76     0.00        0.9982 
7:outfile_1.0_1.0:              -16214.44     0.00        0.7824 
5:outfile_1.0_0.8:              -15195.00     0.00        0.8198 
5:outfile_1.0_0.8:              -14946.61     0.00        0.8843 
6:outfile_1.0_0.9:              -16382.72     0.00        0.6524 
6:outfile_1.0_0.9:              -15931.40     0.00        0.5174 
5:outfile_1.0_0.8:              -15068.57     0.00        0.8726 
6:outfile_1.0_0.9:              -16032.12     0.00        0.9560 
7:outfile_1.0_1.0:              -17375.44     0.00        1.0000 
4:outfile_1.0_0.7:              -14691.77     0.00        0.6311 
7:outfile_1.0_1.0:              -16296.85     0.00        0.5374 
6:outfile_1.0_0.9:              -15712.16     0.00        0.9324 
6:outfile_1.0_0.9:              -15573.56     0.00        0.9202 
5:outfile_1.0_0.8:              -15263.51     0.00        0.8400 
7:outfile_1.0_1.0:              -16553.77     0.00        0.7841 
4:outfile_1.0_0.7:              -14928.37     0.00        0.5285 
5:outfile_1.0_0.8:              -15214.10     0.00        0.8701 
6:outfile_1.0_0.9:              -15573.19     0.00        0.6631 
6:outfile_1.0_0.9:              -16380.62     0.00        0.6768 
6:outfile_1.0_0.9:              -15891.64     0.00        0.9679 
6:outfile_1.0_0.9:              -15798.68     0.00        0.9481 
7:outfile_1.0_1.0:              -16099.84     0.00        0.9928 
6:outfile_1.0_0.9:              -16394.96     0.00        0.6176 
6:outfile_1.0_0.9:              -16160.07     0.00        0.9475 
6:outfile_1.0_0.9:              -15609.98     0.00        0.8985 
6:outfile_1.0_0.9:              -15510.84     0.00        0.6806 
7:outfile_1.0_1.0:              -16151.04     0.00        0.8416 
6:outfile_1.0_0.9:              -15561.75     0.00        0.8369 
7:outfile_1.0_1.0:              -15831.43     0.00        0.5449 
7:outfile_1.0_1.0:              -17186.75     0.00        0.9980 
5:outfile_1.0_0.8:              -15296.21     0.00        0.7723 
6:outfile_1.0_0.9:              -16017.26     0.00        0.9377 
6:outfile_1.0_0.9:              -16495.18     0.00        0.9036 
5:outfile_1.0_0.8:              -15421.54     0.00        0.8932 
5:outfile_1.0_0.8:              -15408.18     0.00        0.5020 
5:outfile_1.0_0.8:              -15149.67     0.00        0.5294 
5:outfile_1.0_0.8:              -15275.38     0.00        0.9051 
7:outfile_1.0_1.0:              -16425.52     0.00        0.9608 
5:outfile_1.0_0.8:              -15235.91     0.00        0.5641 
6:outfile_1.0_0.9:              -15984.67     0.00        0.8380 
6:outfile_1.0_0.9:              -16397.45     0.00        0.9542 
5:outfile_1.0_0.8:              -14766.04     0.00        0.6195 
5:outfile_1.0_0.8:              -15003.62     0.00        0.8025 
6:outfile_1.0_0.9:              -15449.76     0.00        0.7946 
6:outfile_1.0_0.9:              -15566.34     0.00        0.7495 
7:outfile_1.0_1.0:              -17487.73     0.00        0.8191 
5:outfile_1.0_0.8:              -15277.73     0.00        0.8561 
6:outfile_1.0_0.9:              -15448.86     0.00        0.6407 
6:outfile_1.0_0.9:              -15941.88     0.00        0.8583 
7:outfile_1.0_1.0:              -17916.30     0.00        1.0000 
6:outfile_1.0_0.9:              -15946.97     0.00        0.9471 
7:outfile_1.0_1.0:              -16268.76     0.00        0.7350 
5:outfile_1.0_0.8:              -15274.40     0.00        0.9250 
6:outfile_1.0_0.9:              -15892.87     0.00        0.8277 
7:outfile_1.0_1.0:              -17187.27     0.00        0.9953 
5:outfile_1.0_0.8:              -15338.41     0.00        0.8383 
6:outfile_1.0_0.9:              -15599.11     0.00        0.6054 
5:outfile_1.0_0.8:              -15200.16     0.00        0.8975 
5:outfile_1.0_0.8:              -15526.13     0.00        0.9245 
6:outfile_1.0_0.9:              -16215.53     0.00        0.9330 
7:outfile_1.0_1.0:              -16559.77     0.00        0.8468 
6:outfile_1.0_0.9:              -16094.98     0.00        0.8702 
7:outfile_1.0_1.0:              -18972.88     0.00        1.0000 
5:outfile_1.0_0.8:              -14930.29     0.00        0.9121 
6:outfile_1.0_0.9:              -16838.26     0.00        0.7855 
5:outfile_1.0_0.8:              -14916.18     0.00        0.8624 
