1:outfile_0.4_0.4:              -13725.63     0.00        0.9197 
1:outfile_0.4_0.4:              -13727.31     0.00        0.9189 
1:outfile_0.4_0.4:              -13727.40     0.00        0.9166 
1:outfile_0.4_0.4:              -13828.13     0.00        0.6434 
1:outfile_0.4_0.4:              -13727.55     0.00        0.9221 
1:outfile_0.4_0.4:              -13724.60     0.00        0.9203 
1:outfile_0.4_0.4:              -13723.91     0.00        0.9168 
1:outfile_0.4_0.4:              -13724.82     0.00        0.9184 
1:outfile_0.4_0.4:              -13726.26     0.00        0.9205 
1:outfile_0.4_0.4:              -13724.93     0.00        0.9188 
1:outfile_0.4_0.4:              -13751.53     0.00        0.7429 
1:outfile_0.4_0.4:              -13726.25     0.00        0.9248 
1:outfile_0.4_0.4:              -13727.38     0.00        0.9233 
1:outfile_0.4_0.4:              -13754.38     0.00        0.8526 
1:outfile_0.4_0.4:              -13727.14     0.00        0.9212 
1:outfile_0.4_0.4:              -13726.66     0.00        0.9197 
1:outfile_0.4_0.4:              -13727.59     0.00        0.9181 
1:outfile_0.4_0.4:              -13741.34     0.00        0.9156 
1:outfile_0.4_0.4:              -13740.97     0.00        0.8589 
1:outfile_0.4_0.4:              -13727.02     0.00        0.9196 
1:outfile_0.4_0.4:              -13722.42     0.00        0.9176 
1:outfile_0.4_0.4:              -13725.46     0.00        0.9219 
3:outfile_0.4_0.6:              -14259.32     0.00        0.5305 
1:outfile_0.4_0.4:              -13725.73     0.00        0.9212 
1:outfile_0.4_0.4:              -13737.88     0.00        0.8646 
7:outfile_0.4_1.0:              -23860.84     0.00        1.0000 
1:outfile_0.4_0.4:              -13726.94     0.00        0.9190 
1:outfile_0.4_0.4:              -13724.52     0.00        0.9198 
1:outfile_0.4_0.4:              -13727.56     0.00        0.9232 
1:outfile_0.4_0.4:              -13725.87     0.00        0.9191 
1:outfile_0.4_0.4:              -13726.39     0.00        0.9206 
1:outfile_0.4_0.4:              -13726.83     0.00        0.9162 
1:outfile_0.4_0.4:              -13727.17     0.00        0.9203 
1:outfile_0.4_0.4:              -13753.33     0.00        0.8526 
1:outfile_0.4_0.4:              -13727.37     0.00        0.9218 
1:outfile_0.4_0.4:              -13727.58     0.00        0.9239 
1:outfile_0.4_0.4:              -13740.68     0.00        0.9101 
1:outfile_0.4_0.4:              -13750.76     0.00        0.8111 
1:outfile_0.4_0.4:              -13727.21     0.00        0.9211 
1:outfile_0.4_0.4:              -13740.05     0.00        0.9062 
1:outfile_0.4_0.4:              -13741.03     0.00        0.8571 
1:outfile_0.4_0.4:              -13726.70     0.00        0.9204 
1:outfile_0.4_0.4:              -13741.18     0.00        0.8940 
7:outfile_0.4_1.0:              -25214.87     0.00        1.0000 
2:outfile_0.4_0.5:              -13808.94     0.00        0.5767 
1:outfile_0.4_0.4:              -13727.62     0.00        0.9183 
1:outfile_0.4_0.4:              -13809.20     0.00        0.7286 
1:outfile_0.4_0.4:              -13724.35     0.00        0.9193 
1:outfile_0.4_0.4:              -13727.53     0.00        0.9225 
5:outfile_0.4_0.8:              -15328.22     0.00        0.5979 
1:outfile_0.4_0.4:              -13738.71     0.00        0.9060 
1:outfile_0.4_0.4:              -13769.63     0.00        0.8314 
1:outfile_0.4_0.4:              -13741.30     0.00        0.9094 
1:outfile_0.4_0.4:              -13726.42     0.00        0.9191 
1:outfile_0.4_0.4:              -13723.24     0.00        0.9190 
1:outfile_0.4_0.4:              -13726.51     0.00        0.9183 
1:outfile_0.4_0.4:              -13725.31     0.00        0.9214 
1:outfile_0.4_0.4:              -13723.34     0.00        0.9233 
1:outfile_0.4_0.4:              -13727.71     0.00        0.9204 
1:outfile_0.4_0.4:              -13751.56     0.00        0.8115 
1:outfile_0.4_0.4:              -13777.13     0.00        0.7185 
1:outfile_0.4_0.4:              -13727.70     0.00        0.9197 
1:outfile_0.4_0.4:              -13725.15     0.00        0.9191 
1:outfile_0.4_0.4:              -13846.83     0.00        0.6803 
1:outfile_0.4_0.4:              -13749.69     0.00        0.8191 
1:outfile_0.4_0.4:              -13740.80     0.00        0.8556 
1:outfile_0.4_0.4:              -13750.19     0.00        0.8596 
1:outfile_0.4_0.4:              -13739.43     0.00        0.8554 
1:outfile_0.4_0.4:              -13725.35     0.00        0.9203 
1:outfile_0.4_0.4:              -13741.53     0.00        0.8949 
1:outfile_0.4_0.4:              -13725.07     0.00        0.9170 
1:outfile_0.4_0.4:              -13724.22     0.00        0.9175 
2:outfile_0.4_0.5:              -13837.47     0.00        0.6948 
2:outfile_0.4_0.5:              -13930.91     0.00        0.4458 
3:outfile_0.4_0.6:              -14131.68     0.00        0.5551 
1:outfile_0.4_0.4:              -13726.29     0.00        0.9233 
1:outfile_0.4_0.4:              -13751.28     0.00        0.8138 
1:outfile_0.4_0.4:              -13750.60     0.00        0.8576 
1:outfile_0.4_0.4:              -13726.60     0.00        0.9183 
7:outfile_0.4_1.0:              -15954.26     0.00        0.7251 
1:outfile_0.4_0.4:              -13749.61     0.00        0.8553 
1:outfile_0.4_0.4:              -13727.36     0.00        0.9218 
1:outfile_0.4_0.4:              -13727.47     0.00        0.9196 
1:outfile_0.4_0.4:              -13727.31     0.00        0.9183 
1:outfile_0.4_0.4:              -13740.80     0.00        0.9099 
1:outfile_0.4_0.4:              -13727.40     0.00        0.9210 
1:outfile_0.4_0.4:              -13727.51     0.00        0.9225 
1:outfile_0.4_0.4:              -13725.61     0.00        0.9180 
1:outfile_0.4_0.4:              -13723.94     0.00        0.9205 
1:outfile_0.4_0.4:              -13727.39     0.00        0.9190 
1:outfile_0.4_0.4:              -13726.48     0.00        0.9190 
5:outfile_0.4_0.8:              -14541.15     0.00        0.8913 
1:outfile_0.4_0.4:              -13791.25     0.00        0.8811 
1:outfile_0.4_0.4:              -13764.22     0.00        0.8122 
1:outfile_0.4_0.4:              -13751.14     0.00        0.8064 
1:outfile_0.4_0.4:              -13725.98     0.00        0.9211 
1:outfile_0.4_0.4:              -13726.80     0.00        0.9205 
2:outfile_0.4_0.5:              -13823.17     0.00        0.6818 
1:outfile_0.4_0.4:              -13750.81     0.00        0.8652 
1:outfile_0.4_0.4:              -13806.98     0.00        0.7514 
1:outfile_0.5_0.4:              -13741.73     0.00        0.9091 
7:outfile_0.5_1.0:              -17368.49     0.00        0.9987 
2:outfile_0.5_0.5:              -13824.80     0.00        0.7314 
1:outfile_0.5_0.4:              -13726.50     0.00        0.9203 
6:outfile_0.5_0.9:              -16117.71     0.00        0.9809 
1:outfile_0.5_0.4:              -13767.16     0.00        0.8658 
4:outfile_0.5_0.7:              -14490.10     0.00        0.5557 
4:outfile_0.5_0.7:              -15097.22     0.00        0.7067 
7:outfile_0.5_1.0:              -16621.69     0.00        1.0000 
2:outfile_0.5_0.5:              -13821.20     0.00        0.7257 
4:outfile_0.5_0.7:              -14511.97     0.00        0.9363 
1:outfile_0.5_0.4:              -13725.30     0.00        0.9209 
1:outfile_0.5_0.4:              -13739.59     0.00        0.8614 
1:outfile_0.5_0.4:              -13726.78     0.00        0.9190 
1:outfile_0.5_0.4:              -13726.95     0.00        0.9191 
1:outfile_0.5_0.4:              -13724.43     0.00        0.9198 
1:outfile_0.5_0.4:              -13739.58     0.00        0.9134 
1:outfile_0.5_0.4:              -13776.20     0.00        0.6508 
1:outfile_0.5_0.4:              -13726.74     0.00        0.9224 
2:outfile_0.5_0.5:              -14098.24     0.00        0.4729 
1:outfile_0.5_0.4:              -13725.36     0.00        0.9168 
1:outfile_0.5_0.4:              -13858.11     0.00        0.5027 
5:outfile_0.5_0.8:              -15030.53     0.00        0.7291 
1:outfile_0.5_0.4:              -13726.84     0.00        0.9218 
1:outfile_0.5_0.4:              -13741.50     0.00        0.9086 
1:outfile_0.5_0.4:              -13725.54     0.00        0.9225 
1:outfile_0.5_0.4:              -13752.90     0.00        0.8112 
1:outfile_0.5_0.4:              -13727.29     0.00        0.9235 
1:outfile_0.5_0.4:              -13726.54     0.00        0.9232 
1:outfile_0.5_0.4:              -13740.92     0.00        0.9144 
1:outfile_0.5_0.4:              -13738.06     0.00        0.8576 
1:outfile_0.5_0.4:              -13740.96     0.00        0.9083 
5:outfile_0.5_0.8:              -14823.53     0.00        0.8067 
1:outfile_0.5_0.4:              -13771.17     0.00        0.7672 
2:outfile_0.5_0.5:              -13909.06     0.00        0.4802 
1:outfile_0.5_0.4:              -13727.15     0.00        0.9212 
1:outfile_0.5_0.4:              -13750.46     0.00        0.8133 
1:outfile_0.5_0.4:              -13752.55     0.00        0.8115 
1:outfile_0.5_0.4:              -13749.37     0.00        0.7438 
6:outfile_0.5_0.9:              -15461.81     0.00        0.9776 
1:outfile_0.5_0.4:              -13741.02     0.00        0.9077 
1:outfile_0.5_0.4:              -13751.91     0.00        0.8077 
1:outfile_0.5_0.4:              -13727.21     0.00        0.9213 
5:outfile_0.5_0.8:              -14543.59     0.00        0.8076 
1:outfile_0.5_0.4:              -13795.74     0.00        0.8136 
1:outfile_0.5_0.4:              -13891.47     0.00        0.7149 
1:outfile_0.5_0.4:              -13727.48     0.00        0.9190 
1:outfile_0.5_0.4:              -13748.38     0.00        0.8619 
1:outfile_0.5_0.4:              -13727.43     0.00        0.9176 
1:outfile_0.5_0.4:              -13764.28     0.00        0.8283 
1:outfile_0.5_0.4:              -13763.72     0.00        0.8161 
1:outfile_0.5_0.4:              -13741.25     0.00        0.9075 
1:outfile_0.5_0.4:              -13753.47     0.00        0.8679 
2:outfile_0.5_0.5:              -13869.61     0.00        0.6377 
7:outfile_0.5_1.0:              -20832.54     0.00        1.0000 
2:outfile_0.5_0.5:              -13790.36     0.00        0.5620 
3:outfile_0.5_0.6:              -14047.95     0.00        0.4717 
1:outfile_0.5_0.4:              -13727.21     0.00        0.9205 
1:outfile_0.5_0.4:              -13739.47     0.00        0.8578 
1:outfile_0.5_0.4:              -13753.35     0.00        0.8276 
1:outfile_0.5_0.4:              -13725.62     0.00        0.9205 
5:outfile_0.5_0.8:              -15023.15     0.00        0.5121 
1:outfile_0.5_0.4:              -13769.95     0.00        0.8542 
1:outfile_0.5_0.4:              -13740.52     0.00        0.8656 
1:outfile_0.5_0.4:              -13782.75     0.00        0.7530 
1:outfile_0.5_0.4:              -13764.05     0.00        0.8048 
1:outfile_0.5_0.4:              -13766.21     0.00        0.7337 
1:outfile_0.5_0.4:              -13726.49     0.00        0.9183 
1:outfile_0.5_0.4:              -13851.36     0.00        0.7583 
1:outfile_0.5_0.4:              -13738.28     0.00        0.8589 
1:outfile_0.5_0.4:              -13725.78     0.00        0.9167 
1:outfile_0.5_0.4:              -13727.33     0.00        0.9219 
1:outfile_0.5_0.4:              -13741.37     0.00        0.8666 
1:outfile_0.5_0.4:              -13725.00     0.00        0.9191 
1:outfile_0.5_0.4:              -13738.69     0.00        0.9004 
1:outfile_0.5_0.4:              -13726.75     0.00        0.9225 
1:outfile_0.5_0.4:              -13740.25     0.00        0.8542 
7:outfile_0.5_1.0:              -16047.67     0.00        0.9994 
7:outfile_0.5_1.0:              -17627.71     0.00        0.5548 
1:outfile_0.5_0.4:              -13727.17     0.00        0.9190 
1:outfile_0.5_0.4:              -13811.96     0.00        0.4974 
1:outfile_0.5_0.4:              -13751.71     0.00        0.8112 
1:outfile_0.5_0.4:              -13726.08     0.00        0.9224 
2:outfile_0.5_0.5:              -13889.81     0.00        0.5028 
1:outfile_0.5_0.4:              -13758.90     0.00        0.8546 
1:outfile_0.5_0.4:              -13759.93     0.00        0.8544 
1:outfile_0.5_0.4:              -13727.58     0.00        0.9176 
1:outfile_0.5_0.4:              -13724.70     0.00        0.9176 
1:outfile_0.5_0.4:              -13739.20     0.00        0.8599 
7:outfile_0.5_1.0:              -21799.20     0.00        1.0000 
1:outfile_0.5_0.4:              -13762.32     0.00        0.7766 
1:outfile_0.5_0.4:              -13741.32     0.00        0.9015 
4:outfile_0.5_0.7:              -14141.39     0.00        0.7627 
1:outfile_0.5_0.4:              -13753.99     0.00        0.8303 
1:outfile_0.5_0.4:              -13726.07     0.00        0.9204 
1:outfile_0.5_0.4:              -13727.38     0.00        0.9198 
1:outfile_0.5_0.4:              -13753.62     0.00        0.8633 
1:outfile_0.5_0.4:              -13739.60     0.00        0.8931 
1:outfile_0.5_0.4:              -13724.24     0.00        0.9212 
2:outfile_0.5_0.5:              -13873.05     0.00        0.6500 
1:outfile_0.6_0.4:              -13858.51     0.00        0.5300 
2:outfile_0.6_0.5:              -13863.32     0.00        0.6774 
1:outfile_0.6_0.4:              -13739.37     0.00        0.8602 
1:outfile_0.6_0.4:              -13842.86     0.00        0.4726 
6:outfile_0.6_0.9:              -15848.12     0.00        0.9984 
1:outfile_0.6_0.4:              -13797.51     0.00        0.7476 
1:outfile_0.6_0.4:              -13741.16     0.00        0.9157 
4:outfile_0.6_0.7:              -14452.88     0.00        0.7520 
6:outfile_0.6_0.9:              -15754.23     0.00        0.9782 
6:outfile_0.6_0.9:              -15405.70     0.00        0.9619 
1:outfile_0.6_0.4:              -13727.60     0.00        0.9167 
2:outfile_0.6_0.5:              -13939.51     0.00        0.4948 
1:outfile_0.6_0.4:              -13738.19     0.00        0.8967 
1:outfile_0.6_0.4:              -13761.32     0.00        0.7359 
2:outfile_0.6_0.5:              -13878.44     0.00        0.4945 
1:outfile_0.6_0.4:              -13861.61     0.00        0.5028 
7:outfile_0.6_1.0:              -20496.83     0.00        1.0000 
1:outfile_0.6_0.4:              -13768.66     0.00        0.7709 
1:outfile_0.6_0.4:              -13794.03     0.00        0.7552 
1:outfile_0.6_0.4:              -13772.19     0.00        0.7489 
1:outfile_0.6_0.4:              -13763.20     0.00        0.7309 
2:outfile_0.6_0.5:              -13788.24     0.00        0.5313 
3:outfile_0.6_0.6:              -13986.42     0.00        0.6594 
1:outfile_0.6_0.4:              -13780.66     0.00        0.8235 
1:outfile_0.6_0.4:              -13727.03     0.00        0.9219 
2:outfile_0.6_0.5:              -13924.67     0.00        0.5504 
1:outfile_0.6_0.4:              -13754.24     0.00        0.8721 
1:outfile_0.6_0.4:              -13776.16     0.00        0.6356 
2:outfile_0.6_0.5:              -13979.57     0.00        0.4255 
1:outfile_0.6_0.4:              -13801.17     0.00        0.6126 
4:outfile_0.6_0.7:              -14428.97     0.00        0.7889 
3:outfile_0.6_0.6:              -14141.33     0.00        0.6077 
2:outfile_0.6_0.5:              -14008.79     0.00        0.5722 
1:outfile_0.6_0.4:              -13845.55     0.00        0.5903 
6:outfile_0.6_0.9:              -16247.63     0.00        0.5150 
1:outfile_0.6_0.4:              -13875.06     0.00        0.5856 
1:outfile_0.6_0.4:              -13766.65     0.00        0.8545 
1:outfile_0.6_0.4:              -13783.31     0.00        0.7379 
1:outfile_0.6_0.4:              -13754.64     0.00        0.8088 
4:outfile_0.6_0.7:              -14353.50     0.00        0.7669 
1:outfile_0.6_0.4:              -13766.79     0.00        0.7687 
1:outfile_0.6_0.4:              -13778.99     0.00        0.6971 
1:outfile_0.6_0.4:              -13785.46     0.00        0.6879 
3:outfile_0.6_0.6:              -13959.97     0.00        0.8755 
3:outfile_0.6_0.6:              -14166.95     0.00        0.7186 
1:outfile_0.6_0.4:              -13840.96     0.00        0.6494 
4:outfile_0.6_0.7:              -14461.86     0.00        0.7684 
1:outfile_0.6_0.4:              -13741.01     0.00        0.8592 
1:outfile_0.6_0.4:              -13775.21     0.00        0.8704 
7:outfile_0.6_1.0:              -16877.02     0.00        1.0000 
1:outfile_0.6_0.4:              -13818.37     0.00        0.7286 
2:outfile_0.6_0.5:              -13874.42     0.00        0.7042 
2:outfile_0.6_0.5:              -13871.39     0.00        0.6371 
5:outfile_0.6_0.8:              -14901.83     0.00        0.9118 
1:outfile_0.6_0.4:              -13726.00     0.00        0.9197 
1:outfile_0.6_0.4:              -13790.12     0.00        0.5315 
1:outfile_0.6_0.4:              -13740.40     0.00        0.8578 
3:outfile_0.6_0.6:              -14336.21     0.00        0.6382 
2:outfile_0.6_0.5:              -13882.56     0.00        0.6721 
1:outfile_0.6_0.4:              -13754.49     0.00        0.8513 
1:outfile_0.6_0.4:              -13796.48     0.00        0.6773 
2:outfile_0.6_0.5:              -13929.37     0.00        0.4368 
1:outfile_0.6_0.4:              -13739.73     0.00        0.8613 
1:outfile_0.6_0.4:              -13767.83     0.00        0.7203 
1:outfile_0.6_0.4:              -13787.53     0.00        0.8080 
1:outfile_0.6_0.4:              -13809.13     0.00        0.8603 
1:outfile_0.6_0.4:              -13726.78     0.00        0.9183 
1:outfile_0.6_0.4:              -13854.07     0.00        0.6051 
1:outfile_0.6_0.4:              -13895.98     0.00        0.5369 
4:outfile_0.6_0.7:              -14394.73     0.00        0.6963 
2:outfile_0.6_0.5:              -13852.03     0.00        0.6378 
3:outfile_0.6_0.6:              -14123.91     0.00        0.8002 
4:outfile_0.6_0.7:              -14157.87     0.00        0.5556 
3:outfile_0.6_0.6:              -14237.07     0.00        0.5581 
1:outfile_0.6_0.4:              -13902.17     0.00        0.7846 
2:outfile_0.6_0.5:              -13809.45     0.00        0.4783 
2:outfile_0.6_0.5:              -14089.29     0.00        0.4565 
1:outfile_0.6_0.4:              -13739.84     0.00        0.8615 
3:outfile_0.6_0.6:              -14227.41     0.00        0.7369 
1:outfile_0.6_0.4:              -13769.48     0.00        0.8332 
1:outfile_0.6_0.4:              -13839.92     0.00        0.6999 
1:outfile_0.6_0.4:              -13727.72     0.00        0.9196 
1:outfile_0.6_0.4:              -13781.26     0.00        0.8048 
5:outfile_0.6_0.8:              -15340.84     0.00        0.5614 
2:outfile_0.6_0.5:              -13842.80     0.00        0.6808 
1:outfile_0.6_0.4:              -13740.60     0.00        0.8959 
1:outfile_0.6_0.4:              -13779.96     0.00        0.6466 
2:outfile_0.6_0.5:              -13811.99     0.00        0.6712 
2:outfile_0.6_0.5:              -13821.27     0.00        0.4903 
7:outfile_0.6_1.0:              -16682.09     0.00        0.9988 
5:outfile_0.6_0.8:              -14483.42     0.00        0.5579 
1:outfile_0.6_0.4:              -13783.65     0.00        0.7438 
4:outfile_0.6_0.7:              -14614.52     0.00        0.7683 
2:outfile_0.6_0.5:              -13918.94     0.00        0.5737 
3:outfile_0.6_0.6:              -14319.17     0.00        0.5613 
2:outfile_0.6_0.5:              -13798.47     0.00        0.5131 
2:outfile_0.6_0.5:              -14022.01     0.00        0.5258 
1:outfile_0.6_0.4:              -13763.71     0.00        0.7725 
2:outfile_0.6_0.5:              -13836.94     0.00        0.5080 
4:outfile_0.6_0.7:              -14471.01     0.00        0.7302 
4:outfile_0.7_0.7:              -14778.32     0.00        0.8134 
5:outfile_0.7_0.8:              -15895.00     0.00        0.8883 
6:outfile_0.7_0.9:              -15474.45     0.00        0.5100 
3:outfile_0.7_0.6:              -14029.00     0.00        0.5971 
2:outfile_0.7_0.5:              -13860.43     0.00        0.6361 
3:outfile_0.7_0.6:              -14039.15     0.00        0.6543 
7:outfile_0.7_1.0:              -20355.68     0.00        0.9999 
1:outfile_0.7_0.4:              -13787.79     0.00        0.8137 
3:outfile_0.7_0.6:              -13961.36     0.00        0.5143 
5:outfile_0.7_0.8:              -14588.30     0.00        0.8843 
1:outfile_0.7_0.4:              -13777.54     0.00        0.7025 
3:outfile_0.7_0.6:              -14024.35     0.00        0.6826 
3:outfile_0.7_0.6:              -14006.96     0.00        0.5309 
3:outfile_0.7_0.6:              -14024.91     0.00        0.6281 
7:outfile_0.7_1.0:              -18053.24     0.00        1.0000 
2:outfile_0.7_0.5:              -13858.22     0.00        0.4784 
1:outfile_0.7_0.4:              -13858.59     0.00        0.7497 
3:outfile_0.7_0.6:              -14040.10     0.00        0.8179 
2:outfile_0.7_0.5:              -13997.30     0.00        0.5772 
4:outfile_0.7_0.7:              -14323.58     0.00        0.7766 
4:outfile_0.7_0.7:              -14300.72     0.00        0.4993 
3:outfile_0.7_0.6:              -13999.58     0.00        0.5453 
2:outfile_0.7_0.5:              -13909.97     0.00        0.5422 
5:outfile_0.7_0.8:              -14516.08     0.00        0.7823 
6:outfile_0.7_0.9:              -15068.41     0.00        0.7289 
5:outfile_0.7_0.8:              -15229.24     0.00        0.7255 
5:outfile_0.7_0.8:              -14900.36     0.00        0.8942 
3:outfile_0.7_0.6:              -14069.34     0.00        0.5355 
1:outfile_0.7_0.4:              -13908.64     0.00        0.4923 
3:outfile_0.7_0.6:              -14037.42     0.00        0.7718 
2:outfile_0.7_0.5:              -13947.41     0.00        0.5501 
3:outfile_0.7_0.6:              -14424.25     0.00        0.5001 
2:outfile_0.7_0.5:              -13859.45     0.00        0.6304 
3:outfile_0.7_0.6:              -14012.25     0.00        0.7368 
1:outfile_0.7_0.4:              -13780.10     0.00        0.6347 
2:outfile_0.7_0.5:              -13910.56     0.00        0.6182 
2:outfile_0.7_0.5:              -13812.67     0.00        0.6942 
5:outfile_0.7_0.8:              -14845.65     0.00        0.8089 
4:outfile_0.7_0.7:              -14353.35     0.00        0.5793 
2:outfile_0.7_0.5:              -13910.33     0.00        0.5012 
6:outfile_0.7_0.9:              -15920.85     0.00        0.9811 
4:outfile_0.7_0.7:              -14720.69     0.00        0.7350 
5:outfile_0.7_0.8:              -15981.22     0.00        0.8314 
2:outfile_0.7_0.5:              -13875.98     0.00        0.5639 
2:outfile_0.7_0.5:              -13888.45     0.00        0.5175 
3:outfile_0.7_0.6:              -14094.90     0.00        0.5884 
3:outfile_0.7_0.6:              -14035.64     0.00        0.5553 
5:outfile_0.7_0.8:              -15637.96     0.00        0.8960 
3:outfile_0.7_0.6:              -14111.50     0.00        0.7664 
1:outfile_0.7_0.4:              -13765.29     0.00        0.7647 
2:outfile_0.7_0.5:              -13974.58     0.00        0.5849 
2:outfile_0.7_0.5:              -13792.55     0.00        0.4967 
2:outfile_0.7_0.5:              -13904.90     0.00        0.5855 
2:outfile_0.7_0.5:              -13885.20     0.00        0.4929 
2:outfile_0.7_0.5:              -13801.04     0.00        0.5192 
6:outfile_0.7_0.9:              -14676.64     0.00        0.6339 
2:outfile_0.7_0.5:              -13905.65     0.00        0.5588 
2:outfile_0.7_0.5:              -13843.22     0.00        0.5400 
4:outfile_0.7_0.7:              -14604.70     0.00        0.6651 
1:outfile_0.7_0.4:              -13752.42     0.00        0.8159 
2:outfile_0.7_0.5:              -13891.26     0.00        0.5138 
4:outfile_0.7_0.7:              -14691.23     0.00        0.8244 
4:outfile_0.7_0.7:              -14379.82     0.00        0.7552 
2:outfile_0.7_0.5:              -13846.74     0.00        0.6443 
2:outfile_0.7_0.5:              -13841.95     0.00        0.5644 
6:outfile_0.7_0.9:              -14932.78     0.00        0.7444 
2:outfile_0.7_0.5:              -13846.29     0.00        0.6052 
4:outfile_0.7_0.7:              -14581.41     0.00        0.6574 
3:outfile_0.7_0.6:              -13956.05     0.00        0.5468 
2:outfile_0.7_0.5:              -13840.81     0.00        0.6277 
3:outfile_0.7_0.6:              -14036.15     0.00        0.6235 
7:outfile_0.7_1.0:              -18650.87     0.00        1.0000 
1:outfile_0.7_0.4:              -13765.39     0.00        0.6991 
7:outfile_0.7_1.0:              -17171.29     0.00        1.0000 
2:outfile_0.7_0.5:              -13830.25     0.00        0.5707 
1:outfile_0.7_0.4:              -13761.67     0.00        0.8620 
2:outfile_0.7_0.5:              -14017.80     0.00        0.6049 
4:outfile_0.7_0.7:              -14267.35     0.00        0.6365 
2:outfile_0.7_0.5:              -13876.15     0.00        0.6118 
2:outfile_0.7_0.5:              -13873.91     0.00        0.6618 
3:outfile_0.7_0.6:              -14087.67     0.00        0.5337 
2:outfile_0.7_0.5:              -14050.82     0.00        0.5170 
4:outfile_0.7_0.7:              -14130.05     0.00        0.5026 
3:outfile_0.7_0.6:              -13994.31     0.00        0.5802 
4:outfile_0.7_0.7:              -14805.05     0.00        0.8437 
5:outfile_0.7_0.8:              -15085.28     0.00        0.8782 
4:outfile_0.7_0.7:              -14373.49     0.00        0.7528 
4:outfile_0.7_0.7:              -14216.88     0.00        0.6155 
2:outfile_0.7_0.5:              -13869.60     0.00        0.5098 
1:outfile_0.7_0.4:              -13793.33     0.00        0.7821 
6:outfile_0.7_0.9:              -16460.22     0.00        0.8450 
3:outfile_0.7_0.6:              -14054.97     0.00        0.6057 
7:outfile_0.7_1.0:              -19402.40     0.00        1.0000 
4:outfile_0.7_0.7:              -14888.42     0.00        0.7838 
3:outfile_0.7_0.6:              -13972.22     0.00        0.6911 
1:outfile_0.7_0.4:              -13754.04     0.00        0.8635 
2:outfile_0.7_0.5:              -13879.65     0.00        0.5968 
4:outfile_0.7_0.7:              -14141.99     0.00        0.7584 
2:outfile_0.7_0.5:              -13941.26     0.00        0.5802 
1:outfile_0.7_0.4:              -13782.03     0.00        0.6215 
5:outfile_0.8_0.8:              -15724.07     0.00        0.9052 
7:outfile_0.8_1.0:              -15712.77     0.00        0.9794 
3:outfile_0.8_0.6:              -14122.16     0.00        0.5749 
3:outfile_0.8_0.6:              -14130.22     0.00        0.7348 
3:outfile_0.8_0.6:              -14150.16     0.00        0.5887 
4:outfile_0.8_0.7:              -14120.40     0.00        0.6380 
4:outfile_0.8_0.7:              -14479.70     0.00        0.8142 
5:outfile_0.8_0.8:              -14640.30     0.00        0.8279 
7:outfile_0.8_1.0:              -16183.74     0.00        0.9999 
6:outfile_0.8_0.9:              -15779.94     0.00        0.9641 
3:outfile_0.8_0.6:              -14133.46     0.00        0.6096 
3:outfile_0.8_0.6:              -14063.38     0.00        0.5837 
2:outfile_0.8_0.5:              -13873.26     0.00        0.6538 
5:outfile_0.8_0.8:              -14749.28     0.00        0.7885 
7:outfile_0.8_1.0:              -18430.73     0.00        0.9899 
6:outfile_0.8_0.9:              -15655.18     0.00        0.9070 
6:outfile_0.8_0.9:              -16326.08     0.00        0.9692 
6:outfile_0.8_0.9:              -14883.56     0.00        0.5270 
3:outfile_0.8_0.6:              -14005.76     0.00        0.6630 
5:outfile_0.8_0.8:              -15349.10     0.00        0.8290 
5:outfile_0.8_0.8:              -14628.22     0.00        0.8762 
3:outfile_0.8_0.6:              -14070.79     0.00        0.7563 
6:outfile_0.8_0.9:              -15702.96     0.00        0.6244 
4:outfile_0.8_0.7:              -14254.58     0.00        0.6753 
4:outfile_0.8_0.7:              -14434.00     0.00        0.7852 
7:outfile_0.8_1.0:              -15601.19     0.00        0.9701 
3:outfile_0.8_0.6:              -14044.59     0.00        0.7219 
4:outfile_0.8_0.7:              -14387.92     0.00        0.7346 
4:outfile_0.8_0.7:              -14216.35     0.00        0.7851 
4:outfile_0.8_0.7:              -14175.66     0.00        0.7217 
4:outfile_0.8_0.7:              -14596.61     0.00        0.6066 
3:outfile_0.8_0.6:              -14058.02     0.00        0.7473 
6:outfile_0.8_0.9:              -15418.90     0.00        0.8323 
4:outfile_0.8_0.7:              -14119.10     0.00        0.5079 
6:outfile_0.8_0.9:              -15228.82     0.00        0.9451 
6:outfile_0.8_0.9:              -15592.20     0.00        0.9565 
4:outfile_0.8_0.7:              -14488.83     0.00        0.6072 
5:outfile_0.8_0.8:              -14808.28     0.00        0.8852 
3:outfile_0.8_0.6:              -14044.69     0.00        0.6346 
3:outfile_0.8_0.6:              -14173.62     0.00        0.6163 
4:outfile_0.8_0.7:              -15053.77     0.00        0.5082 
3:outfile_0.8_0.6:              -13998.02     0.00        0.7596 
7:outfile_0.8_1.0:              -18893.48     0.00        0.9988 
5:outfile_0.8_0.8:              -14847.54     0.00        0.9053 
3:outfile_0.8_0.6:              -14158.71     0.00        0.5141 
4:outfile_0.8_0.7:              -14246.44     0.00        0.7480 
3:outfile_0.8_0.6:              -13902.21     0.00        0.8346 
4:outfile_0.8_0.7:              -14391.57     0.00        0.8168 
4:outfile_0.8_0.7:              -14572.72     0.00        0.7955 
5:outfile_0.8_0.8:              -14696.66     0.00        0.7697 
5:outfile_0.8_0.8:              -14679.24     0.00        0.8874 
3:outfile_0.8_0.6:              -14197.23     0.00        0.6212 
3:outfile_0.8_0.6:              -14125.86     0.00        0.7481 
2:outfile_0.8_0.5:              -13914.57     0.00        0.5911 
6:outfile_0.8_0.9:              -16150.62     0.00        0.9148 
5:outfile_0.8_0.8:              -14693.43     0.00        0.7560 
3:outfile_0.8_0.6:              -14001.35     0.00        0.7509 
4:outfile_0.8_0.7:              -14518.73     0.00        0.7773 
5:outfile_0.8_0.8:              -15102.39     0.00        0.7250 
4:outfile_0.8_0.7:              -14462.37     0.00        0.8278 
7:outfile_0.8_1.0:              -19787.56     0.00        1.0000 
7:outfile_0.8_1.0:              -15502.28     0.00        0.7047 
3:outfile_0.8_0.6:              -14149.37     0.00        0.5774 
5:outfile_0.8_0.8:              -14727.91     0.00        0.8361 
3:outfile_0.8_0.6:              -14150.45     0.00        0.7249 
3:outfile_0.8_0.6:              -14076.44     0.00        0.7103 
6:outfile_0.8_0.9:              -16654.75     0.00        0.6982 
6:outfile_0.8_0.9:              -15494.57     0.00        0.9559 
5:outfile_0.8_0.8:              -14903.03     0.00        0.8402 
7:outfile_0.8_1.0:              -19410.13     0.00        1.0000 
6:outfile_0.8_0.9:              -15996.70     0.00        0.9736 
3:outfile_0.8_0.6:              -14361.96     0.00        0.5379 
4:outfile_0.8_0.7:              -14282.70     0.00        0.5516 
6:outfile_0.8_0.9:              -15058.38     0.00        0.9743 
7:outfile_0.8_1.0:              -21422.64     0.00        1.0000 
4:outfile_0.8_0.7:              -14114.41     0.00        0.5100 
3:outfile_0.8_0.6:              -14126.43     0.00        0.6695 
3:outfile_0.8_0.6:              -14047.32     0.00        0.7622 
4:outfile_0.8_0.7:              -14557.28     0.00        0.8008 
3:outfile_0.8_0.6:              -14102.25     0.00        0.6818 
3:outfile_0.8_0.6:              -14220.22     0.00        0.5882 
3:outfile_0.8_0.6:              -14159.10     0.00        0.5212 
4:outfile_0.8_0.7:              -14213.03     0.00        0.6389 
4:outfile_0.8_0.7:              -14251.71     0.00        0.5829 
7:outfile_0.8_1.0:              -17161.02     0.00        1.0000 
7:outfile_0.8_1.0:              -18516.65     0.00        1.0000 
7:outfile_0.8_1.0:              -26123.77     0.00        1.0000 
4:outfile_0.8_0.7:              -14760.49     0.00        0.8165 
3:outfile_0.8_0.6:              -14024.25     0.00        0.5755 
5:outfile_0.8_0.8:              -15119.15     0.00        0.8600 
6:outfile_0.8_0.9:              -15172.21     0.00        0.9473 
5:outfile_0.8_0.8:              -14424.90     0.00        0.6131 
3:outfile_0.8_0.6:              -14162.68     0.00        0.6446 
5:outfile_0.8_0.8:              -14536.89     0.00        0.5081 
3:outfile_0.8_0.6:              -14152.30     0.00        0.7432 
5:outfile_0.8_0.8:              -14776.30     0.00        0.6856 
3:outfile_0.8_0.6:              -13969.95     0.00        0.5104 
3:outfile_0.8_0.6:              -14012.10     0.00        0.6270 
4:outfile_0.8_0.7:              -14287.28     0.00        0.5263 
5:outfile_0.8_0.8:              -14753.73     0.00        0.8856 
1:outfile_0.9_0.8:              -14650.85     0.00        0.9405 
2:outfile_0.9_0.9:              -15436.97     0.00        0.9855 
1:outfile_0.9_0.8:              -14892.92     0.00        0.9020 
2:outfile_0.9_0.9:              -22063.42     0.00        1.0000 
1:outfile_0.9_0.8:              -14355.83     0.00        0.9998 
1:outfile_0.9_0.8:              -14353.09     0.00        0.9997 
1:outfile_0.9_0.8:              -14843.17     0.00        0.9897 
1:outfile_0.9_0.8:              -14448.30     0.00        0.9996 
1:outfile_0.9_0.8:              -14779.54     0.00        0.9987 
1:outfile_0.9_0.8:              -14452.64     0.00        0.9979 
1:outfile_0.9_0.8:              -14175.84     0.00        0.9999 
1:outfile_0.9_0.8:              -15131.85     0.00        0.9917 
1:outfile_0.9_0.8:              -14916.10     0.00        0.8594 
2:outfile_0.9_0.9:              -15702.12     0.00        0.9913 
1:outfile_0.9_0.8:              -14730.23     0.00        0.9990 
1:outfile_0.9_0.8:              -14881.88     0.00        0.8038 
1:outfile_0.9_0.8:              -14623.75     0.00        0.9770 
1:outfile_0.9_0.8:              -14851.38     0.00        0.9967 
1:outfile_0.9_0.8:              -14622.00     0.00        0.9947 
2:outfile_0.9_0.9:              -15009.41     0.00        0.5793 
2:outfile_0.9_0.9:              -16270.41     0.00        1.0000 
2:outfile_0.9_0.9:              -15402.47     0.00        0.8481 
2:outfile_0.9_0.9:              -15408.33     0.00        0.9726 
1:outfile_0.9_0.8:              -14482.52     0.00        0.9996 
2:outfile_0.9_0.9:              -15448.21     0.00        0.8569 
1:outfile_0.9_0.8:              -14574.50     0.00        0.9993 
1:outfile_0.9_0.8:              -14472.95     0.00        0.9997 
2:outfile_0.9_0.9:              -17712.41     0.00        0.9965 
1:outfile_0.9_0.8:              -14650.18     0.00        0.9907 
1:outfile_0.9_0.8:              -14835.91     0.00        0.9824 
1:outfile_0.9_0.8:              -14540.61     0.00        0.9968 
2:outfile_0.9_0.9:              -15884.36     0.00        0.9998 
2:outfile_0.9_0.9:              -15671.84     0.00        0.9966 
2:outfile_0.9_0.9:              -15354.67     0.00        0.9997 
2:outfile_0.9_0.9:              -15697.38     0.00        0.9885 
2:outfile_0.9_0.9:              -16492.65     0.00        0.9825 
2:outfile_0.9_0.9:              -17332.47     0.00        1.0000 
1:outfile_0.9_0.8:              -14366.99     0.00        0.9989 
1:outfile_0.9_0.8:              -15307.37     0.00        0.9865 
1:outfile_0.9_0.8:              -14385.38     0.00        0.9997 
2:outfile_0.9_0.9:              -15255.77     0.00        0.9817 
2:outfile_0.9_0.9:              -15404.38     0.00        0.9995 
1:outfile_0.9_0.8:              -14837.43     0.00        0.9089 
2:outfile_0.9_0.9:              -15385.82     0.00        0.9113 
2:outfile_0.9_0.9:              -15293.80     0.00        0.9792 
1:outfile_0.9_0.8:              -14749.99     0.00        0.9980 
1:outfile_0.9_0.8:              -14768.23     0.00        0.9967 
1:outfile_0.9_0.8:              -14445.63     0.00        0.9995 
1:outfile_0.9_0.8:              -14499.54     0.00        0.9992 
2:outfile_0.9_0.9:              -17896.85     0.00        1.0000 
1:outfile_0.9_0.8:              -14570.31     0.00        0.9980 
2:outfile_0.9_0.9:              -15550.50     0.00        0.9321 
1:outfile_0.9_0.8:              -15130.48     0.00        0.9796 
1:outfile_0.9_0.8:              -14353.58     0.00        0.9989 
1:outfile_0.9_0.8:              -14188.10     0.00        0.9997 
2:outfile_0.9_0.9:              -16236.42     0.00        1.0000 
1:outfile_0.9_0.8:              -14991.28     0.00        0.5939 
1:outfile_0.9_0.8:              -14201.30     0.00        0.9998 
1:outfile_0.9_0.8:              -14870.12     0.00        0.9956 
1:outfile_0.9_0.8:              -14470.90     0.00        0.9995 
2:outfile_0.9_0.9:              -15122.71     0.00        0.8146 
1:outfile_0.9_0.8:              -14492.00     0.00        0.9965 
1:outfile_0.9_0.8:              -14258.58     0.00        0.9997 
1:outfile_0.9_0.8:              -15096.03     0.00        0.9512 
2:outfile_0.9_0.9:              -15342.75     0.00        0.8292 
2:outfile_0.9_0.9:              -16570.03     0.00        1.0000 
1:outfile_0.9_0.8:              -15327.93     0.00        0.5963 
2:outfile_0.9_0.9:              -20904.44     0.00        1.0000 
1:outfile_0.9_0.8:              -14808.60     0.00        0.9113 
1:outfile_0.9_0.8:              -14423.43     0.00        0.9981 
1:outfile_0.9_0.8:              -14428.93     0.00        0.9978 
1:outfile_0.9_0.8:              -14595.02     0.00        0.9932 
2:outfile_0.9_0.9:              -16513.06     0.00        0.9968 
1:outfile_0.9_0.8:              -14360.79     0.00        0.9996 
1:outfile_0.9_0.8:              -14931.21     0.00        0.8115 
1:outfile_0.9_0.8:              -15270.07     0.00        0.5498 
1:outfile_0.9_0.8:              -14718.51     0.00        0.9911 
1:outfile_0.9_0.8:              -14747.10     0.00        0.9683 
1:outfile_0.9_0.8:              -14818.54     0.00        0.9822 
2:outfile_0.9_0.9:              -15274.89     0.00        0.5842 
2:outfile_0.9_0.9:              -45124.15     0.00        1.0000 
1:outfile_0.9_0.8:              -14314.52     0.00        0.9997 
1:outfile_0.9_0.8:              -14894.76     0.00        0.9881 
2:outfile_0.9_0.9:              -15815.03     0.00        0.9998 
2:outfile_0.9_0.9:              -16026.83     0.00        0.9875 
1:outfile_0.9_0.8:              -15117.59     0.00        0.9939 
1:outfile_0.9_0.8:              -14734.11     0.00        0.9798 
1:outfile_0.9_0.8:              -15360.17     0.00        0.9752 
1:outfile_0.9_0.8:              -14685.02     0.00        0.9947 
1:outfile_0.9_0.8:              -14623.29     0.00        0.9981 
1:outfile_0.9_0.8:              -14622.06     0.00        0.9932 
1:outfile_0.9_0.8:              -14397.12     0.00        0.9991 
1:outfile_0.9_0.8:              -14938.61     0.00        0.8545 
1:outfile_0.9_0.8:              -14863.21     0.00        0.9913 
1:outfile_0.9_0.8:              -14554.14     0.00        0.9957 
2:outfile_0.9_0.9:              -15880.32     0.00        0.9995 
1:outfile_0.9_0.8:              -14676.82     0.00        0.9985 
1:outfile_0.9_0.8:              -14477.32     0.00        0.9963 
2:outfile_0.9_0.9:              -15284.72     0.00        0.5498 
1:outfile_0.9_0.8:              -15120.66     0.00        0.5250 
5:outfile_1.0_0.8:              -15175.36     0.00        0.7266 
6:outfile_1.0_0.9:              -15574.36     0.00        0.7567 
6:outfile_1.0_0.9:              -16458.85     0.00        0.8326 
6:outfile_1.0_0.9:              -16019.56     0.00        0.7248 
5:outfile_1.0_0.8:              -15548.78     0.00        0.7644 
5:outfile_1.0_0.8:              -14890.45     0.00        0.8041 
7:outfile_1.0_1.0:              -16625.18     0.00        0.9996 
6:outfile_1.0_0.9:              -16557.77     0.00        0.9733 
5:outfile_1.0_0.8:              -14726.16     0.00        0.5072 
5:outfile_1.0_0.8:              -14966.05     0.00        0.8563 
7:outfile_1.0_1.0:              -16817.83     0.00        0.8249 
6:outfile_1.0_0.9:              -16560.41     0.00        0.9589 
6:outfile_1.0_0.9:              -16000.47     0.00        0.9578 
6:outfile_1.0_0.9:              -15526.38     0.00        0.8478 
6:outfile_1.0_0.9:              -16441.26     0.00        0.8637 
5:outfile_1.0_0.8:              -15618.94     0.00        0.5045 
6:outfile_1.0_0.9:              -15517.90     0.00        0.8742 
7:outfile_1.0_1.0:              -16706.12     0.00        0.9945 
5:outfile_1.0_0.8:              -14837.11     0.00        0.8740 
6:outfile_1.0_0.9:              -15739.19     0.00        0.6428 
5:outfile_1.0_0.8:              -15163.55     0.00        0.9071 
4:outfile_1.0_0.7:              -14593.45     0.00        0.8078 
5:outfile_1.0_0.8:              -15368.77     0.00        0.9217 
6:outfile_1.0_0.9:              -15578.70     0.00        0.9209 
7:outfile_1.0_1.0:              -16164.45     0.00        0.6224 
5:outfile_1.0_0.8:              -15310.92     0.00        0.9013 
5:outfile_1.0_0.8:              -14956.88     0.00        0.7155 
6:outfile_1.0_0.9:              -16157.85     0.00        0.8452 
6:outfile_1.0_0.9:              -15671.46     0.00        0.8192 
5:outfile_1.0_0.8:              -14860.45     0.00        0.8383 
7:outfile_1.0_1.0:              -16700.59     0.00        0.9581 
6:outfile_1.0_0.9:              -15780.23     0.00        0.9580 
6:outfile_1.0_0.9:              -15619.44     0.00        0.6196 
6:outfile_1.0_0.9:              -17165.69     0.00        0.8001 
5:outfile_1.0_0.8:              -15054.08     0.00        0.8265 
5:outfile_1.0_0.8:              -15425.90     0.00        0.6425 
6:outfile_1.0_0.9:              -15869.21     0.00        0.8395 
6:outfile_1.0_0.9:              -16188.42     0.00        0.9657 
6:outfile_1.0_0.9:              -15522.57     0.00        0.5144 
6:outfile_1.0_0.9:              -15409.43     0.00        0.5220 
5:outfile_1.0_0.8:              -15291.61     0.00        0.9010 
6:outfile_1.0_0.9:              -16140.40     0.00        0.9524 
5:outfile_1.0_0.8:              -15250.20     0.00        0.5119 
6:outfile_1.0_0.9:              -15917.79     0.00        0.8539 
6:outfile_1.0_0.9:              -15874.10     0.00        0.9566 
6:outfile_1.0_0.9:              -15539.68     0.00        0.7944 
7:outfile_1.0_1.0:              -16595.81     0.00        0.9183 
5:outfile_1.0_0.8:              -15568.27     0.00        0.5145 
4:outfile_1.0_0.7:              -14747.01     0.00        0.7383 
6:outfile_1.0_0.9:              -15959.20     0.00        0.9591 
6:outfile_1.0_0.9:              -16589.60     0.00        0.9135 
7:outfile_1.0_1.0:              -17081.06     0.00        0.9936 
7:outfile_1.0_1.0:              -16183.39     0.00        0.7484 
5:outfile_1.0_0.8:              -15035.33     0.00        0.8976 
5:outfile_1.0_0.8:              -15631.86     0.00        0.7369 
6:outfile_1.0_0.9:              -15859.60     0.00        0.9598 
4:outfile_1.0_0.7:              -14760.64     0.00        0.5065 
4:outfile_1.0_0.7:              -14690.03     0.00        0.8351 
5:outfile_1.0_0.8:              -14957.26     0.00        0.8215 
7:outfile_1.0_1.0:              -16788.48     0.00        0.9046 
6:outfile_1.0_0.9:              -16582.65     0.00        0.9651 
5:outfile_1.0_0.8:              -15831.91     0.00        0.7547 
4:outfile_1.0_0.7:              -14629.62     0.00        0.6565 
7:outfile_1.0_1.0:              -17015.47     0.00        1.0000 
7:outfile_1.0_1.0:              -16891.03     0.00        0.8839 
7:outfile_1.0_1.0:              -16259.63     0.00        0.5842 
6:outfile_1.0_0.9:              -16093.56     0.00        0.8945 
6:outfile_1.0_0.9:              -16308.90     0.00        0.8691 
6:outfile_1.0_0.9:              -16186.86     0.00        0.9475 
7:outfile_1.0_1.0:              -16872.31     0.00        0.7311 
7:outfile_1.0_1.0:              -16032.27     0.00        0.9262 
6:outfile_1.0_0.9:              -16427.26     0.00        0.5424 
5:outfile_1.0_0.8:              -15069.25     0.00        0.9063 
6:outfile_1.0_0.9:              -16153.30     0.00        0.9476 
7:outfile_1.0_1.0:              -16508.12     0.00        0.9878 
6:outfile_1.0_0.9:              -16135.78     0.00        0.9652 
5:outfile_1.0_0.8:              -15474.37     0.00        0.6752 
6:outfile_1.0_0.9:              -15724.75     0.00        0.9572 
5:outfile_1.0_0.8:              -15377.56     0.00        0.7327 
5:outfile_1.0_0.8:              -15386.88     0.00        0.8952 
7:outfile_1.0_1.0:              -16877.90     0.00        0.9955 
5:outfile_1.0_0.8:              -15229.20     0.00        0.8788 
7:outfile_1.0_1.0:              -17365.06     0.00        1.0000 
6:outfile_1.0_0.9:              -16267.21     0.00        0.8870 
5:outfile_1.0_0.8:              -15659.54     0.00        0.5688 
6:outfile_1.0_0.9:              -15701.93     0.00        0.7813 
6:outfile_1.0_0.9:              -16109.49     0.00        0.6010 
7:outfile_1.0_1.0:              -17153.12     0.00        1.0000 
5:outfile_1.0_0.8:              -15261.42     0.00        0.6879 
4:outfile_1.0_0.7:              -14676.62     0.00        0.8273 
5:outfile_1.0_0.8:              -15946.82     0.00        0.5834 
5:outfile_1.0_0.8:              -15274.73     0.00        0.7792 
4:outfile_1.0_0.7:              -14934.82     0.00        0.4973 
5:outfile_1.0_0.8:              -14934.82     0.00        0.4973 
6:outfile_1.0_0.9:              -16153.05     0.00        0.9404 
6:outfile_1.0_0.9:              -15824.17     0.00        0.9596 
7:outfile_1.0_1.0:              -17444.78     0.00        1.0000 
5:outfile_1.0_0.8:              -15723.63     0.00        0.7291 
6:outfile_1.0_0.9:              -16636.81     0.00        0.5522 
6:outfile_1.0_0.9:              -17034.25     0.00        0.7229 
5:outfile_1.0_0.8:              -15384.35     0.00        0.9083 
